,filepath,composer,filename,measure_no,no_accs,mode,key_area,type,note_name,tpc,step,acc,octave,pitch,pitch_class,duration,onset
0,data\scores\Debussy\Debussy_113_6.0_0.0.mxl,Debussy,Debussy_113_6.0_0.0,1,-3,major,0,note,Bb5,Bb,B,-1,5,82,10,0.0625,0
1,data\scores\Debussy\Debussy_113_6.0_0.0.mxl,Debussy,Debussy_113_6.0_0.0,1,-3,major,0,note,Ab5,Ab,A,-1,5,80,8,0.125,0.125
2,data\scores\Debussy\Debussy_113_6.0_0.0.mxl,Debussy,Debussy_113_6.0_0.0,1,-3,major,0,note,Bb5,Bb,B,-1,5,82,10,0.0625,0.375
3,data\scores\Debussy\Debussy_113_6.0_0.0.mxl,Debussy,Debussy_113_6.0_0.0,1,-3,major,0,note,F5,F,F,0,5,77,5,0.125,0.5
4,data\scores\Debussy\Debussy_113_6.0_0.0.mxl,Debussy,Debussy_113_6.0_0.0,1,-3,major,0,note,Bb5,Bb,B,-1,5,82,10,0.125,0.75
5,data\scores\Debussy\Debussy_113_6.0_0.0.mxl,Debussy,Debussy_113_6.0_0.0,1,-3,major,0,note,Bb4,Bb,B,-1,4,70,10,0.0625,0.0
6,data\scores\Debussy\Debussy_113_6.0_0.0.mxl,Debussy,Debussy_113_6.0_0.0,1,-3,major,0,note,Ab4,Ab,A,-1,4,68,8,0.125,0.125
7,data\scores\Debussy\Debussy_113_6.0_0.0.mxl,Debussy,Debussy_113_6.0_0.0,1,-3,major,0,note,Bb4,Bb,B,-1,4,70,10,0.0625,0.375
8,data\scores\Debussy\Debussy_113_6.0_0.0.mxl,Debussy,Debussy_113_6.0_0.0,1,-3,major,0,note,F4,F,F,0,4,65,5,0.125,0.5
9,data\scores\Debussy\Debussy_113_6.0_0.0.mxl,Debussy,Debussy_113_6.0_0.0,1,-3,major,0,note,Bb4,Bb,B,-1,4,70,10,0.125,0.75
10,data\scores\Debussy\Debussy_113_6.0_0.0.mxl,Debussy,Debussy_113_6.0_0.0,2,,,,note,Ab5,Ab,A,-1,5,80,8,0.0625,1.0
11,data\scores\Debussy\Debussy_113_6.0_0.0.mxl,Debussy,Debussy_113_6.0_0.0,2,,,,note,F5,F,F,0,5,77,5,0.125,1.125
12,data\scores\Debussy\Debussy_113_6.0_0.0.mxl,Debussy,Debussy_113_6.0_0.0,2,,,,note,Eb5,Eb,E,-1,5,75,3,0.0625,1.375
13,data\scores\Debussy\Debussy_113_6.0_0.0.mxl,Debussy,Debussy_113_6.0_0.0,2,,,,note,Cb5,Cb,C,-1,5,83,11,0.25,1.5
14,data\scores\Debussy\Debussy_113_6.0_0.0.mxl,Debussy,Debussy_113_6.0_0.0,2,,,,note,Ab4,Ab,A,-1,4,68,8,0.0625,1.0
15,data\scores\Debussy\Debussy_113_6.0_0.0.mxl,Debussy,Debussy_113_6.0_0.0,2,,,,note,F4,F,F,0,4,65,5,0.125,1.125
16,data\scores\Debussy\Debussy_113_6.0_0.0.mxl,Debussy,Debussy_113_6.0_0.0,2,,,,note,Eb4,Eb,E,-1,4,63,3,0.0625,1.375
17,data\scores\Debussy\Debussy_113_6.0_0.0.mxl,Debussy,Debussy_113_6.0_0.0,2,,,,note,Cb4,Cb,C,-1,4,71,11,0.25,1.5
18,data\scores\Debussy\Debussy_113_6.0_0.0.mxl,Debussy,Debussy_113_6.0_0.0,3,,,,rest,,,,,,,,0.0625,2.0
19,data\scores\Debussy\Debussy_113_6.0_0.0.mxl,Debussy,Debussy_113_6.0_0.0,3,,,,note,Ab4,Ab,A,-1,4,68,8,0.0625,2.125
20,data\scores\Debussy\Debussy_113_6.0_0.0.mxl,Debussy,Debussy_113_6.0_0.0,3,,,,note,F4,F,F,0,4,65,5,0.0625,2.25
21,data\scores\Debussy\Debussy_113_6.0_0.0.mxl,Debussy,Debussy_113_6.0_0.0,3,,,,note,Eb4,Eb,E,-1,4,63,3,0.0625,2.375
22,data\scores\Debussy\Debussy_113_6.0_0.0.mxl,Debussy,Debussy_113_6.0_0.0,3,,,,note,Cb4,Cb,C,-1,4,71,11,0.25,2.5
23,data\scores\Debussy\Debussy_113_6.0_0.0.mxl,Debussy,Debussy_113_6.0_0.0,3,,,,rest,,,,,,,,0.0625,2.0
24,data\scores\Debussy\Debussy_113_6.0_0.0.mxl,Debussy,Debussy_113_6.0_0.0,3,,,,note,Ab3,Ab,A,-1,3,56,8,0.0625,2.125
25,data\scores\Debussy\Debussy_113_6.0_0.0.mxl,Debussy,Debussy_113_6.0_0.0,3,,,,note,F3,F,F,0,3,53,5,0.0625,2.25
26,data\scores\Debussy\Debussy_113_6.0_0.0.mxl,Debussy,Debussy_113_6.0_0.0,3,,,,note,Eb3,Eb,E,-1,3,51,3,0.0625,2.375
27,data\scores\Debussy\Debussy_113_6.0_0.0.mxl,Debussy,Debussy_113_6.0_0.0,3,,,,note,Cb3,Cb,C,-1,3,59,11,0.25,2.5
28,data\scores\Debussy\Debussy_113_6.0_0.0.mxl,Debussy,Debussy_113_6.0_0.0,4,,,,rest,,,,,,,,0.0625,3.0
29,data\scores\Debussy\Debussy_113_6.0_0.0.mxl,Debussy,Debussy_113_6.0_0.0,4,,,,note,Ab3,Ab,A,-1,3,56,8,0.0625,3.125
30,data\scores\Debussy\Debussy_113_6.0_0.0.mxl,Debussy,Debussy_113_6.0_0.0,4,,,,note,F3,F,F,0,3,53,5,0.0625,3.25
31,data\scores\Debussy\Debussy_113_6.0_0.0.mxl,Debussy,Debussy_113_6.0_0.0,4,,,,note,Eb3,Eb,E,-1,3,51,3,0.0625,3.375
32,data\scores\Debussy\Debussy_113_6.0_0.0.mxl,Debussy,Debussy_113_6.0_0.0,4,,,,note,Cb3,Cb,C,-1,3,59,11,0.125,3.5
33,data\scores\Debussy\Debussy_113_6.0_0.0.mxl,Debussy,Debussy_113_6.0_0.0,4,,,,note,D3,D,D,0,3,50,2,0.125,3.75
34,data\scores\Debussy\Debussy_113_6.0_0.0.mxl,Debussy,Debussy_113_6.0_0.0,4,,,,note,G3,G,G,0,3,55,7,0.125,3.75
35,data\scores\Debussy\Debussy_113_6.0_0.0.mxl,Debussy,Debussy_113_6.0_0.0,4,,,,rest,,,,,,,,0.0625,3.0
36,data\scores\Debussy\Debussy_113_6.0_0.0.mxl,Debussy,Debussy_113_6.0_0.0,4,,,,note,Ab2,Ab,A,-1,2,44,8,0.0625,3.125
37,data\scores\Debussy\Debussy_113_6.0_0.0.mxl,Debussy,Debussy_113_6.0_0.0,4,,,,note,F2,F,F,0,2,41,5,0.0625,3.25
38,data\scores\Debussy\Debussy_113_6.0_0.0.mxl,Debussy,Debussy_113_6.0_0.0,4,,,,note,Eb2,Eb,E,-1,2,39,3,0.0625,3.375
39,data\scores\Debussy\Debussy_113_6.0_0.0.mxl,Debussy,Debussy_113_6.0_0.0,4,,,,note,Cb2,Cb,C,-1,2,47,11,0.125,3.5
40,data\scores\Debussy\Debussy_113_6.0_0.0.mxl,Debussy,Debussy_113_6.0_0.0,4,,,,note,Bb1,Bb,B,-1,1,34,10,0.125,3.75
41,data\scores\Debussy\Debussy_113_6.0_0.0.mxl,Debussy,Debussy_113_6.0_0.0,4,,,,note,Bb2,Bb,B,-1,2,46,10,0.125,3.75
42,data\scores\Debussy\Debussy_113_6.0_0.0.mxl,Debussy,Debussy_113_6.0_0.0,5,,,,rest,,,,,,,,0.25,4.0
43,data\scores\Debussy\Debussy_113_6.0_0.0.mxl,Debussy,Debussy_113_6.0_0.0,5,,,,rest,,,,,,,,0.25,4.0
44,data\scores\Debussy\Debussy_113_6.0_0.0.mxl,Debussy,Debussy_113_6.0_0.0,6,,,,rest,,,,,,,,0.125,5.0
45,data\scores\Debussy\Debussy_113_6.0_0.0.mxl,Debussy,Debussy_113_6.0_0.0,6,,,,note,Eb3,Eb,E,-1,3,51,3,0.125,5.25
46,data\scores\Debussy\Debussy_113_6.0_0.0.mxl,Debussy,Debussy_113_6.0_0.0,6,,,,note,Bb3,Bb,B,-1,3,58,10,0.125,5.25
47,data\scores\Debussy\Debussy_113_6.0_0.0.mxl,Debussy,Debussy_113_6.0_0.0,6,,,,rest,,,,,,,,0.125,5.5
48,data\scores\Debussy\Debussy_113_6.0_0.0.mxl,Debussy,Debussy_113_6.0_0.0,6,,,,note,Eb3,Eb,E,-1,3,51,3,0.0625,5.75
49,data\scores\Debussy\Debussy_113_6.0_0.0.mxl,Debussy,Debussy_113_6.0_0.0,6,,,,note,Bb3,Bb,B,-1,3,58,10,0.0625,5.75
50,data\scores\Debussy\Debussy_113_6.0_0.0.mxl,Debussy,Debussy_113_6.0_0.0,6,,,,note,Eb3,Eb,E,-1,3,51,3,0.0625,5.875
51,data\scores\Debussy\Debussy_113_6.0_0.0.mxl,Debussy,Debussy_113_6.0_0.0,6,,,,note,Bb3,Bb,B,-1,3,58,10,0.0625,5.875
52,data\scores\Debussy\Debussy_113_6.0_0.0.mxl,Debussy,Debussy_113_6.0_0.0,6,,,,note,Eb2,Eb,E,-1,2,39,3,0.125,5.0
53,data\scores\Debussy\Debussy_113_6.0_0.0.mxl,Debussy,Debussy_113_6.0_0.0,6,,,,note,Bb2,Bb,B,-1,2,46,10,0.125,5.0
54,data\scores\Debussy\Debussy_113_6.0_0.0.mxl,Debussy,Debussy_113_6.0_0.0,6,,,,note,F3,F,F,0,3,53,5,0.125,5.25
55,data\scores\Debussy\Debussy_113_6.0_0.0.mxl,Debussy,Debussy_113_6.0_0.0,6,,,,note,G3,G,G,0,3,55,7,0.125,5.25
56,data\scores\Debussy\Debussy_113_6.0_0.0.mxl,Debussy,Debussy_113_6.0_0.0,6,,,,note,Eb2,Eb,E,-1,2,39,3,0.125,5.5
57,data\scores\Debussy\Debussy_113_6.0_0.0.mxl,Debussy,Debussy_113_6.0_0.0,6,,,,note,Bb2,Bb,B,-1,2,46,10,0.125,5.5
58,data\scores\Debussy\Debussy_113_6.0_0.0.mxl,Debussy,Debussy_113_6.0_0.0,6,,,,note,F3,F,F,0,3,53,5,0.125,5.75
59,data\scores\Debussy\Debussy_113_6.0_0.0.mxl,Debussy,Debussy_113_6.0_0.0,6,,,,note,G3,G,G,0,3,55,7,0.125,5.75
60,data\scores\Debussy\Debussy_113_6.0_0.0.mxl,Debussy,Debussy_113_6.0_0.0,7,,,,rest,,,,,,,,0.125,6.0
61,data\scores\Debussy\Debussy_113_6.0_0.0.mxl,Debussy,Debussy_113_6.0_0.0,7,,,,note,Eb3,Eb,E,-1,3,51,3,0.125,6.25
62,data\scores\Debussy\Debussy_113_6.0_0.0.mxl,Debussy,Debussy_113_6.0_0.0,7,,,,note,Bb3,Bb,B,-1,3,58,10,0.125,6.25
63,data\scores\Debussy\Debussy_113_6.0_0.0.mxl,Debussy,Debussy_113_6.0_0.0,7,,,,rest,,,,,,,,0.125,6.5
64,data\scores\Debussy\Debussy_113_6.0_0.0.mxl,Debussy,Debussy_113_6.0_0.0,7,,,,note,Eb3,Eb,E,-1,3,51,3,0.125,6.75
65,data\scores\Debussy\Debussy_113_6.0_0.0.mxl,Debussy,Debussy_113_6.0_0.0,7,,,,note,Bb3,Bb,B,-1,3,58,10,0.125,6.75
66,data\scores\Debussy\Debussy_113_6.0_0.0.mxl,Debussy,Debussy_113_6.0_0.0,7,,,,note,Eb2,Eb,E,-1,2,39,3,0.125,6.0
67,data\scores\Debussy\Debussy_113_6.0_0.0.mxl,Debussy,Debussy_113_6.0_0.0,7,,,,note,Bb2,Bb,B,-1,2,46,10,0.125,6.0
68,data\scores\Debussy\Debussy_113_6.0_0.0.mxl,Debussy,Debussy_113_6.0_0.0,7,,,,note,F3,F,F,0,3,53,5,0.125,6.25
69,data\scores\Debussy\Debussy_113_6.0_0.0.mxl,Debussy,Debussy_113_6.0_0.0,7,,,,note,G3,G,G,0,3,55,7,0.125,6.25
70,data\scores\Debussy\Debussy_113_6.0_0.0.mxl,Debussy,Debussy_113_6.0_0.0,7,,,,note,Eb2,Eb,E,-1,2,39,3,0.125,6.5
71,data\scores\Debussy\Debussy_113_6.0_0.0.mxl,Debussy,Debussy_113_6.0_0.0,7,,,,note,Bb2,Bb,B,-1,2,46,10,0.125,6.5
72,data\scores\Debussy\Debussy_113_6.0_0.0.mxl,Debussy,Debussy_113_6.0_0.0,7,,,,note,F3,F,F,0,3,53,5,0.125,6.75
73,data\scores\Debussy\Debussy_113_6.0_0.0.mxl,Debussy,Debussy_113_6.0_0.0,7,,,,note,G3,G,G,0,3,55,7,0.125,6.75
74,data\scores\Debussy\Debussy_113_6.0_0.0.mxl,Debussy,Debussy_113_6.0_0.0,8,,,,rest,,,,,,,,0.125,7.0
75,data\scores\Debussy\Debussy_113_6.0_0.0.mxl,Debussy,Debussy_113_6.0_0.0,8,,,,note,Eb3,Eb,E,-1,3,51,3,0.0625,7.25
76,data\scores\Debussy\Debussy_113_6.0_0.0.mxl,Debussy,Debussy_113_6.0_0.0,8,,,,note,Bb3,Bb,B,-1,3,58,10,0.0625,7.25
77,data\scores\Debussy\Debussy_113_6.0_0.0.mxl,Debussy,Debussy_113_6.0_0.0,8,,,,note,Eb3,Eb,E,-1,3,51,3,0.0625,7.375
78,data\scores\Debussy\Debussy_113_6.0_0.0.mxl,Debussy,Debussy_113_6.0_0.0,8,,,,note,Bb3,Bb,B,-1,3,58,10,0.0625,7.375
79,data\scores\Debussy\Debussy_113_6.0_0.0.mxl,Debussy,Debussy_113_6.0_0.0,8,,,,rest,,,,,,,,0.125,7.5
80,data\scores\Debussy\Debussy_113_6.0_0.0.mxl,Debussy,Debussy_113_6.0_0.0,8,,,,note,Eb3,Eb,E,-1,3,51,3,0.125,7.75
81,data\scores\Debussy\Debussy_113_6.0_0.0.mxl,Debussy,Debussy_113_6.0_0.0,8,,,,note,Bb3,Bb,B,-1,3,58,10,0.125,7.75
82,data\scores\Debussy\Debussy_113_6.0_0.0.mxl,Debussy,Debussy_113_6.0_0.0,8,,,,note,Eb2,Eb,E,-1,2,39,3,0.125,7.0
83,data\scores\Debussy\Debussy_113_6.0_0.0.mxl,Debussy,Debussy_113_6.0_0.0,8,,,,note,Bb2,Bb,B,-1,2,46,10,0.125,7.0
84,data\scores\Debussy\Debussy_113_6.0_0.0.mxl,Debussy,Debussy_113_6.0_0.0,8,,,,note,F3,F,F,0,3,53,5,0.125,7.25
85,data\scores\Debussy\Debussy_113_6.0_0.0.mxl,Debussy,Debussy_113_6.0_0.0,8,,,,note,G3,G,G,0,3,55,7,0.125,7.25
86,data\scores\Debussy\Debussy_113_6.0_0.0.mxl,Debussy,Debussy_113_6.0_0.0,8,,,,note,Eb2,Eb,E,-1,2,39,3,0.125,7.5
87,data\scores\Debussy\Debussy_113_6.0_0.0.mxl,Debussy,Debussy_113_6.0_0.0,8,,,,note,Bb2,Bb,B,-1,2,46,10,0.125,7.5
88,data\scores\Debussy\Debussy_113_6.0_0.0.mxl,Debussy,Debussy_113_6.0_0.0,8,,,,note,F3,F,F,0,3,53,5,0.125,7.75
89,data\scores\Debussy\Debussy_113_6.0_0.0.mxl,Debussy,Debussy_113_6.0_0.0,8,,,,note,G3,G,G,0,3,55,7,0.125,7.75
90,data\scores\Debussy\Debussy_113_6.0_0.0.mxl,Debussy,Debussy_113_6.0_0.0,9,,,,rest,,,,,,,,0.125,8.0
91,data\scores\Debussy\Debussy_113_6.0_0.0.mxl,Debussy,Debussy_113_6.0_0.0,9,,,,note,Eb3,Eb,E,-1,3,51,3,0.125,8.25
92,data\scores\Debussy\Debussy_113_6.0_0.0.mxl,Debussy,Debussy_113_6.0_0.0,9,,,,note,Bb3,Bb,B,-1,3,58,10,0.125,8.25
93,data\scores\Debussy\Debussy_113_6.0_0.0.mxl,Debussy,Debussy_113_6.0_0.0,9,,,,rest,,,,,,,,0.125,8.5
94,data\scores\Debussy\Debussy_113_6.0_0.0.mxl,Debussy,Debussy_113_6.0_0.0,9,,,,note,Eb3,Eb,E,-1,3,51,3,0.125,8.75
95,data\scores\Debussy\Debussy_113_6.0_0.0.mxl,Debussy,Debussy_113_6.0_0.0,9,,,,note,Bb3,Bb,B,-1,3,58,10,0.125,8.75
96,data\scores\Debussy\Debussy_113_6.0_0.0.mxl,Debussy,Debussy_113_6.0_0.0,9,,,,note,Eb2,Eb,E,-1,2,39,3,0.125,8.0
97,data\scores\Debussy\Debussy_113_6.0_0.0.mxl,Debussy,Debussy_113_6.0_0.0,9,,,,note,Bb2,Bb,B,-1,2,46,10,0.125,8.0
98,data\scores\Debussy\Debussy_113_6.0_0.0.mxl,Debussy,Debussy_113_6.0_0.0,9,,,,note,F3,F,F,0,3,53,5,0.125,8.25
99,data\scores\Debussy\Debussy_113_6.0_0.0.mxl,Debussy,Debussy_113_6.0_0.0,9,,,,note,G3,G,G,0,3,55,7,0.125,8.25
100,data\scores\Debussy\Debussy_113_6.0_0.0.mxl,Debussy,Debussy_113_6.0_0.0,9,,,,note,Eb2,Eb,E,-1,2,39,3,0.125,8.5
101,data\scores\Debussy\Debussy_113_6.0_0.0.mxl,Debussy,Debussy_113_6.0_0.0,9,,,,note,Bb2,Bb,B,-1,2,46,10,0.125,8.5
102,data\scores\Debussy\Debussy_113_6.0_0.0.mxl,Debussy,Debussy_113_6.0_0.0,9,,,,note,F3,F,F,0,3,53,5,0.125,8.75
103,data\scores\Debussy\Debussy_113_6.0_0.0.mxl,Debussy,Debussy_113_6.0_0.0,9,,,,note,G3,G,G,0,3,55,7,0.125,8.75
104,data\scores\Debussy\Debussy_113_6.0_0.0.mxl,Debussy,Debussy_113_6.0_0.0,10,,,,note,Bb4,Bb,B,-1,4,70,10,0.0625,9.0
105,data\scores\Debussy\Debussy_113_6.0_0.0.mxl,Debussy,Debussy_113_6.0_0.0,10,,,,note,Ab4,Ab,A,-1,4,68,8,0.125,9.125
106,data\scores\Debussy\Debussy_113_6.0_0.0.mxl,Debussy,Debussy_113_6.0_0.0,10,,,,note,Bb4,Bb,B,-1,4,70,10,0.0625,9.375
107,data\scores\Debussy\Debussy_113_6.0_0.0.mxl,Debussy,Debussy_113_6.0_0.0,10,,,,note,F4,F,F,0,4,65,5,0.125,9.5
108,data\scores\Debussy\Debussy_113_6.0_0.0.mxl,Debussy,Debussy_113_6.0_0.0,10,,,,note,Bb4,Bb,B,-1,4,70,10,0.125,9.75
109,data\scores\Debussy\Debussy_113_6.0_0.0.mxl,Debussy,Debussy_113_6.0_0.0,10,,,,rest,,,,,,,,0.125,9.0
110,data\scores\Debussy\Debussy_113_6.0_0.0.mxl,Debussy,Debussy_113_6.0_0.0,10,,,,note,Cb4,Cb,C,-1,4,71,11,0.125,9.25
111,data\scores\Debussy\Debussy_113_6.0_0.0.mxl,Debussy,Debussy_113_6.0_0.0,10,,,,note,Eb4,Eb,E,-1,4,63,3,0.125,9.25
112,data\scores\Debussy\Debussy_113_6.0_0.0.mxl,Debussy,Debussy_113_6.0_0.0,10,,,,rest,,,,,,,,0.125,9.5
113,data\scores\Debussy\Debussy_113_6.0_0.0.mxl,Debussy,Debussy_113_6.0_0.0,10,,,,note,Cb4,Cb,C,-1,4,71,11,0.125,9.75
114,data\scores\Debussy\Debussy_113_6.0_0.0.mxl,Debussy,Debussy_113_6.0_0.0,10,,,,note,Eb4,Eb,E,-1,4,63,3,0.125,9.75
115,data\scores\Debussy\Debussy_113_6.0_0.0.mxl,Debussy,Debussy_113_6.0_0.0,10,,,,note,Eb2,Eb,E,-1,2,39,3,0.125,9.0
116,data\scores\Debussy\Debussy_113_6.0_0.0.mxl,Debussy,Debussy_113_6.0_0.0,10,,,,note,Bb2,Bb,B,-1,2,46,10,0.125,9.0
117,data\scores\Debussy\Debussy_113_6.0_0.0.mxl,Debussy,Debussy_113_6.0_0.0,10,,,,note,F3,F,F,0,3,53,5,0.125,9.25
118,data\scores\Debussy\Debussy_113_6.0_0.0.mxl,Debussy,Debussy_113_6.0_0.0,10,,,,note,Ab3,Ab,A,-1,3,56,8,0.125,9.25
119,data\scores\Debussy\Debussy_113_6.0_0.0.mxl,Debussy,Debussy_113_6.0_0.0,10,,,,note,Eb2,Eb,E,-1,2,39,3,0.125,9.5
120,data\scores\Debussy\Debussy_113_6.0_0.0.mxl,Debussy,Debussy_113_6.0_0.0,10,,,,note,Bb2,Bb,B,-1,2,46,10,0.125,9.5
121,data\scores\Debussy\Debussy_113_6.0_0.0.mxl,Debussy,Debussy_113_6.0_0.0,10,,,,note,F3,F,F,0,3,53,5,0.125,9.75
122,data\scores\Debussy\Debussy_113_6.0_0.0.mxl,Debussy,Debussy_113_6.0_0.0,10,,,,note,Ab3,Ab,A,-1,3,56,8,0.125,9.75
123,data\scores\Debussy\Debussy_113_6.0_0.0.mxl,Debussy,Debussy_113_6.0_0.0,11,,,,note,Ab4,Ab,A,-1,4,68,8,0.0625,10.0
124,data\scores\Debussy\Debussy_113_6.0_0.0.mxl,Debussy,Debussy_113_6.0_0.0,11,,,,note,F4,F,F,0,4,65,5,0.125,10.125
125,data\scores\Debussy\Debussy_113_6.0_0.0.mxl,Debussy,Debussy_113_6.0_0.0,11,,,,note,Eb4,Eb,E,-1,4,63,3,0.0625,10.375
126,data\scores\Debussy\Debussy_113_6.0_0.0.mxl,Debussy,Debussy_113_6.0_0.0,11,,,,note,Cb4,Cb,C,-1,4,71,11,0.125,10.5
127,data\scores\Debussy\Debussy_113_6.0_0.0.mxl,Debussy,Debussy_113_6.0_0.0,11,,,,note,Eb4,Eb,E,-1,4,63,3,0.125,10.75
128,data\scores\Debussy\Debussy_113_6.0_0.0.mxl,Debussy,Debussy_113_6.0_0.0,11,,,,rest,,,,,,,,0.125,10.0
129,data\scores\Debussy\Debussy_113_6.0_0.0.mxl,Debussy,Debussy_113_6.0_0.0,11,,,,note,Cb4,Cb,C,-1,4,71,11,0.125,10.25
130,data\scores\Debussy\Debussy_113_6.0_0.0.mxl,Debussy,Debussy_113_6.0_0.0,11,,,,rest,,,,,,,,0.125,10.5
131,data\scores\Debussy\Debussy_113_6.0_0.0.mxl,Debussy,Debussy_113_6.0_0.0,11,,,,note,Cb4,Cb,C,-1,4,71,11,0.125,10.75
132,data\scores\Debussy\Debussy_113_6.0_0.0.mxl,Debussy,Debussy_113_6.0_0.0,11,,,,note,Eb2,Eb,E,-1,2,39,3,0.125,10.0
133,data\scores\Debussy\Debussy_113_6.0_0.0.mxl,Debussy,Debussy_113_6.0_0.0,11,,,,note,Bb2,Bb,B,-1,2,46,10,0.125,10.0
134,data\scores\Debussy\Debussy_113_6.0_0.0.mxl,Debussy,Debussy_113_6.0_0.0,11,,,,note,F3,F,F,0,3,53,5,0.125,10.25
135,data\scores\Debussy\Debussy_113_6.0_0.0.mxl,Debussy,Debussy_113_6.0_0.0,11,,,,note,Ab3,Ab,A,-1,3,56,8,0.125,10.25
136,data\scores\Debussy\Debussy_113_6.0_0.0.mxl,Debussy,Debussy_113_6.0_0.0,11,,,,note,Eb2,Eb,E,-1,2,39,3,0.125,10.5
137,data\scores\Debussy\Debussy_113_6.0_0.0.mxl,Debussy,Debussy_113_6.0_0.0,11,,,,note,Bb2,Bb,B,-1,2,46,10,0.125,10.5
138,data\scores\Debussy\Debussy_113_6.0_0.0.mxl,Debussy,Debussy_113_6.0_0.0,11,,,,note,F3,F,F,0,3,53,5,0.125,10.75
139,data\scores\Debussy\Debussy_113_6.0_0.0.mxl,Debussy,Debussy_113_6.0_0.0,11,,,,note,Ab3,Ab,A,-1,3,56,8,0.125,10.75
140,data\scores\Debussy\Debussy_113_6.0_0.0.mxl,Debussy,Debussy_113_6.0_0.0,12,,,,note,Bb3,Bb,B,-1,3,58,10,0.0625,11.0
141,data\scores\Debussy\Debussy_113_6.0_0.0.mxl,Debussy,Debussy_113_6.0_0.0,12,,,,note,Bb3,Bb,B,-1,3,58,10,0.125,11.125
142,data\scores\Debussy\Debussy_113_6.0_0.0.mxl,Debussy,Debussy_113_6.0_0.0,12,,,,note,C4,C,C,0,4,60,0,0.0625,11.375
143,data\scores\Debussy\Debussy_113_6.0_0.0.mxl,Debussy,Debussy_113_6.0_0.0,12,,,,note,Bb3,Bb,B,-1,3,58,10,0.125,11.5
144,data\scores\Debussy\Debussy_113_6.0_0.0.mxl,Debussy,Debussy_113_6.0_0.0,12,,,,note,Eb4,Eb,E,-1,4,63,3,0.125,11.75
145,data\scores\Debussy\Debussy_113_6.0_0.0.mxl,Debussy,Debussy_113_6.0_0.0,12,,,,note,Bb4,Bb,B,-1,4,70,10,0.125,11.75
146,data\scores\Debussy\Debussy_113_6.0_0.0.mxl,Debussy,Debussy_113_6.0_0.0,12,,,,note,Eb2,Eb,E,-1,2,39,3,0.125,11.0
147,data\scores\Debussy\Debussy_113_6.0_0.0.mxl,Debussy,Debussy_113_6.0_0.0,12,,,,note,Bb2,Bb,B,-1,2,46,10,0.125,11.0
148,data\scores\Debussy\Debussy_113_6.0_0.0.mxl,Debussy,Debussy_113_6.0_0.0,12,,,,note,F3,F,F,0,3,53,5,0.125,11.25
149,data\scores\Debussy\Debussy_113_6.0_0.0.mxl,Debussy,Debussy_113_6.0_0.0,12,,,,note,G3,G,G,0,3,55,7,0.125,11.25
150,data\scores\Debussy\Debussy_113_6.0_0.0.mxl,Debussy,Debussy_113_6.0_0.0,12,,,,note,Eb2,Eb,E,-1,2,39,3,0.125,11.5
151,data\scores\Debussy\Debussy_113_6.0_0.0.mxl,Debussy,Debussy_113_6.0_0.0,12,,,,note,Bb2,Bb,B,-1,2,46,10,0.125,11.5
152,data\scores\Debussy\Debussy_113_6.0_0.0.mxl,Debussy,Debussy_113_6.0_0.0,12,,,,note,F3,F,F,0,3,53,5,0.125,11.75
153,data\scores\Debussy\Debussy_113_6.0_0.0.mxl,Debussy,Debussy_113_6.0_0.0,12,,,,note,G3,G,G,0,3,55,7,0.125,11.75
154,data\scores\Debussy\Debussy_113_6.0_0.0.mxl,Debussy,Debussy_113_6.0_0.0,13,,,,note,Bb3,Bb,B,-1,3,58,10,0.5,12.0
155,data\scores\Debussy\Debussy_113_6.0_0.0.mxl,Debussy,Debussy_113_6.0_0.0,13,,,,note,Eb2,Eb,E,-1,2,39,3,0.125,12.0
156,data\scores\Debussy\Debussy_113_6.0_0.0.mxl,Debussy,Debussy_113_6.0_0.0,13,,,,note,Bb2,Bb,B,-1,2,46,10,0.125,12.0
157,data\scores\Debussy\Debussy_113_6.0_0.0.mxl,Debussy,Debussy_113_6.0_0.0,13,,,,note,F3,F,F,0,3,53,5,0.125,12.25
158,data\scores\Debussy\Debussy_113_6.0_0.0.mxl,Debussy,Debussy_113_6.0_0.0,13,,,,note,G3,G,G,0,3,55,7,0.125,12.25
159,data\scores\Debussy\Debussy_113_6.0_0.0.mxl,Debussy,Debussy_113_6.0_0.0,13,,,,note,Eb2,Eb,E,-1,2,39,3,0.125,12.5
160,data\scores\Debussy\Debussy_113_6.0_0.0.mxl,Debussy,Debussy_113_6.0_0.0,13,,,,note,Bb2,Bb,B,-1,2,46,10,0.125,12.5
161,data\scores\Debussy\Debussy_113_6.0_0.0.mxl,Debussy,Debussy_113_6.0_0.0,13,,,,note,F3,F,F,0,3,53,5,0.125,12.75
162,data\scores\Debussy\Debussy_113_6.0_0.0.mxl,Debussy,Debussy_113_6.0_0.0,13,,,,note,G3,G,G,0,3,55,7,0.125,12.75
163,data\scores\Debussy\Debussy_113_6.0_0.0.mxl,Debussy,Debussy_113_6.0_0.0,14,,,,note,Bb3,Bb,B,-1,3,58,10,0.0625,13.0
164,data\scores\Debussy\Debussy_113_6.0_0.0.mxl,Debussy,Debussy_113_6.0_0.0,14,,,,note,Ab3,Ab,A,-1,3,56,8,0.125,13.125
165,data\scores\Debussy\Debussy_113_6.0_0.0.mxl,Debussy,Debussy_113_6.0_0.0,14,,,,note,Bb3,Bb,B,-1,3,58,10,0.0625,13.375
166,data\scores\Debussy\Debussy_113_6.0_0.0.mxl,Debussy,Debussy_113_6.0_0.0,14,,,,note,C4,C,C,0,4,60,0,0.125,13.5
167,data\scores\Debussy\Debussy_113_6.0_0.0.mxl,Debussy,Debussy_113_6.0_0.0,14,,,,note,Ab3,Ab,A,-1,3,56,8,0.125,13.75
168,data\scores\Debussy\Debussy_113_6.0_0.0.mxl,Debussy,Debussy_113_6.0_0.0,14,,,,note,Eb2,Eb,E,-1,2,39,3,0.125,13.0
169,data\scores\Debussy\Debussy_113_6.0_0.0.mxl,Debussy,Debussy_113_6.0_0.0,14,,,,note,Bb2,Bb,B,-1,2,46,10,0.125,13.0
170,data\scores\Debussy\Debussy_113_6.0_0.0.mxl,Debussy,Debussy_113_6.0_0.0,14,,,,note,Eb3,Eb,E,-1,3,51,3,0.125,13.25
171,data\scores\Debussy\Debussy_113_6.0_0.0.mxl,Debussy,Debussy_113_6.0_0.0,14,,,,note,F3,F,F,0,3,53,5,0.125,13.25
172,data\scores\Debussy\Debussy_113_6.0_0.0.mxl,Debussy,Debussy_113_6.0_0.0,14,,,,note,Eb2,Eb,E,-1,2,39,3,0.125,13.5
173,data\scores\Debussy\Debussy_113_6.0_0.0.mxl,Debussy,Debussy_113_6.0_0.0,14,,,,note,Bb2,Bb,B,-1,2,46,10,0.125,13.5
174,data\scores\Debussy\Debussy_113_6.0_0.0.mxl,Debussy,Debussy_113_6.0_0.0,14,,,,note,Eb3,Eb,E,-1,3,51,3,0.125,13.75
175,data\scores\Debussy\Debussy_113_6.0_0.0.mxl,Debussy,Debussy_113_6.0_0.0,14,,,,note,F3,F,F,0,3,53,5,0.125,13.75
176,data\scores\Debussy\Debussy_113_6.0_0.0.mxl,Debussy,Debussy_113_6.0_0.0,15,,,,note,Bb3,Bb,B,-1,3,58,10,0.0625,14.0
177,data\scores\Debussy\Debussy_113_6.0_0.0.mxl,Debussy,Debussy_113_6.0_0.0,15,,,,note,Ab3,Ab,A,-1,3,56,8,0.125,14.125
178,data\scores\Debussy\Debussy_113_6.0_0.0.mxl,Debussy,Debussy_113_6.0_0.0,15,,,,note,Bb3,Bb,B,-1,3,58,10,0.0625,14.375
179,data\scores\Debussy\Debussy_113_6.0_0.0.mxl,Debussy,Debussy_113_6.0_0.0,15,,,,note,Cb4,Cb,C,-1,4,71,11,0.125,14.5
180,data\scores\Debussy\Debussy_113_6.0_0.0.mxl,Debussy,Debussy_113_6.0_0.0,15,,,,note,Ab3,Ab,A,-1,3,56,8,0.125,14.75
181,data\scores\Debussy\Debussy_113_6.0_0.0.mxl,Debussy,Debussy_113_6.0_0.0,15,,,,note,Eb2,Eb,E,-1,2,39,3,0.125,14.0
182,data\scores\Debussy\Debussy_113_6.0_0.0.mxl,Debussy,Debussy_113_6.0_0.0,15,,,,note,Bb2,Bb,B,-1,2,46,10,0.125,14.0
183,data\scores\Debussy\Debussy_113_6.0_0.0.mxl,Debussy,Debussy_113_6.0_0.0,15,,,,note,Eb3,Eb,E,-1,3,51,3,0.125,14.25
184,data\scores\Debussy\Debussy_113_6.0_0.0.mxl,Debussy,Debussy_113_6.0_0.0,15,,,,note,F3,F,F,0,3,53,5,0.125,14.25
185,data\scores\Debussy\Debussy_113_6.0_0.0.mxl,Debussy,Debussy_113_6.0_0.0,15,,,,note,Eb2,Eb,E,-1,2,39,3,0.125,14.5
186,data\scores\Debussy\Debussy_113_6.0_0.0.mxl,Debussy,Debussy_113_6.0_0.0,15,,,,note,Bb2,Bb,B,-1,2,46,10,0.125,14.5
187,data\scores\Debussy\Debussy_113_6.0_0.0.mxl,Debussy,Debussy_113_6.0_0.0,15,,,,note,Eb3,Eb,E,-1,3,51,3,0.125,14.75
188,data\scores\Debussy\Debussy_113_6.0_0.0.mxl,Debussy,Debussy_113_6.0_0.0,15,,,,note,F3,F,F,0,3,53,5,0.125,14.75
189,data\scores\Debussy\Debussy_113_6.0_0.0.mxl,Debussy,Debussy_113_6.0_0.0,16,,,,note,Bb3,Bb,B,-1,3,58,10,0.0625,15.0
190,data\scores\Debussy\Debussy_113_6.0_0.0.mxl,Debussy,Debussy_113_6.0_0.0,16,,,,note,G3,G,G,0,3,55,7,0.125,15.125
191,data\scores\Debussy\Debussy_113_6.0_0.0.mxl,Debussy,Debussy_113_6.0_0.0,16,,,,note,F3,F,F,0,3,53,5,0.0625,15.375
192,data\scores\Debussy\Debussy_113_6.0_0.0.mxl,Debussy,Debussy_113_6.0_0.0,16,,,,note,Eb3,Eb,E,-1,3,51,3,0.125,15.5
193,data\scores\Debussy\Debussy_113_6.0_0.0.mxl,Debussy,Debussy_113_6.0_0.0,16,,,,note,D3,D,D,0,3,50,2,0.125,15.75
194,data\scores\Debussy\Debussy_113_6.0_0.0.mxl,Debussy,Debussy_113_6.0_0.0,16,,,,note,Bb2,Bb,B,-1,2,46,10,0.0625,15.0
195,data\scores\Debussy\Debussy_113_6.0_0.0.mxl,Debussy,Debussy_113_6.0_0.0,16,,,,note,G2,G,G,0,2,43,7,0.125,15.125
196,data\scores\Debussy\Debussy_113_6.0_0.0.mxl,Debussy,Debussy_113_6.0_0.0,16,,,,note,F2,F,F,0,2,41,5,0.0625,15.375
197,data\scores\Debussy\Debussy_113_6.0_0.0.mxl,Debussy,Debussy_113_6.0_0.0,16,,,,note,Eb2,Eb,E,-1,2,39,3,0.125,15.5
198,data\scores\Debussy\Debussy_113_6.0_0.0.mxl,Debussy,Debussy_113_6.0_0.0,16,,,,note,D2,D,D,0,2,38,2,0.125,15.75
199,data\scores\Debussy\Debussy_113_6.0_0.0.mxl,Debussy,Debussy_113_6.0_0.0,17,,,,note,C3,C,C,0,3,48,0,0.125,16.0
200,data\scores\Debussy\Debussy_113_6.0_0.0.mxl,Debussy,Debussy_113_6.0_0.0,17,,,,note,G2,G,G,0,2,43,7,0.125,16.25
201,data\scores\Debussy\Debussy_113_6.0_0.0.mxl,Debussy,Debussy_113_6.0_0.0,17,,,,note,C3,C,C,0,3,48,0,0.125,16.5
202,data\scores\Debussy\Debussy_113_6.0_0.0.mxl,Debussy,Debussy_113_6.0_0.0,17,,,,note,D3,D,D,0,3,50,2,0.125,16.75
203,data\scores\Debussy\Debussy_113_6.0_0.0.mxl,Debussy,Debussy_113_6.0_0.0,17,,,,note,C2,C,C,0,2,36,0,0.125,16.0
204,data\scores\Debussy\Debussy_113_6.0_0.0.mxl,Debussy,Debussy_113_6.0_0.0,17,,,,note,G1,G,G,0,1,31,7,0.125,16.25
205,data\scores\Debussy\Debussy_113_6.0_0.0.mxl,Debussy,Debussy_113_6.0_0.0,17,,,,note,C2,C,C,0,2,36,0,0.125,16.5
206,data\scores\Debussy\Debussy_113_6.0_0.0.mxl,Debussy,Debussy_113_6.0_0.0,17,,,,note,D2,D,D,0,2,38,2,0.125,16.75
207,data\scores\Debussy\Debussy_113_6.0_0.0.mxl,Debussy,Debussy_113_6.0_0.0,18,,,,note,Bb4,Bb,B,-1,4,70,10,0.0625,17.0
208,data\scores\Debussy\Debussy_113_6.0_0.0.mxl,Debussy,Debussy_113_6.0_0.0,18,,,,note,Ab4,Ab,A,-1,4,68,8,0.125,17.125
209,data\scores\Debussy\Debussy_113_6.0_0.0.mxl,Debussy,Debussy_113_6.0_0.0,18,,,,note,Bb4,Bb,B,-1,4,70,10,0.0625,17.375
210,data\scores\Debussy\Debussy_113_6.0_0.0.mxl,Debussy,Debussy_113_6.0_0.0,18,,,,note,F4,F,F,0,4,65,5,0.125,17.5
211,data\scores\Debussy\Debussy_113_6.0_0.0.mxl,Debussy,Debussy_113_6.0_0.0,18,,,,note,Bb4,Bb,B,-1,4,70,10,0.125,17.75
212,data\scores\Debussy\Debussy_113_6.0_0.0.mxl,Debussy,Debussy_113_6.0_0.0,18,,,,rest,,,,,,,,0.125,17.0
213,data\scores\Debussy\Debussy_113_6.0_0.0.mxl,Debussy,Debussy_113_6.0_0.0,18,,,,note,Cb4,Cb,C,-1,4,71,11,0.125,17.25
214,data\scores\Debussy\Debussy_113_6.0_0.0.mxl,Debussy,Debussy_113_6.0_0.0,18,,,,note,Eb4,Eb,E,-1,4,63,3,0.125,17.25
215,data\scores\Debussy\Debussy_113_6.0_0.0.mxl,Debussy,Debussy_113_6.0_0.0,18,,,,rest,,,,,,,,0.125,17.5
216,data\scores\Debussy\Debussy_113_6.0_0.0.mxl,Debussy,Debussy_113_6.0_0.0,18,,,,note,Cb4,Cb,C,-1,4,71,11,0.125,17.75
217,data\scores\Debussy\Debussy_113_6.0_0.0.mxl,Debussy,Debussy_113_6.0_0.0,18,,,,note,Eb4,Eb,E,-1,4,63,3,0.125,17.75
218,data\scores\Debussy\Debussy_113_6.0_0.0.mxl,Debussy,Debussy_113_6.0_0.0,18,,,,note,Eb2,Eb,E,-1,2,39,3,0.125,17.0
219,data\scores\Debussy\Debussy_113_6.0_0.0.mxl,Debussy,Debussy_113_6.0_0.0,18,,,,note,Bb2,Bb,B,-1,2,46,10,0.125,17.0
220,data\scores\Debussy\Debussy_113_6.0_0.0.mxl,Debussy,Debussy_113_6.0_0.0,18,,,,note,F3,F,F,0,3,53,5,0.125,17.25
221,data\scores\Debussy\Debussy_113_6.0_0.0.mxl,Debussy,Debussy_113_6.0_0.0,18,,,,note,Ab3,Ab,A,-1,3,56,8,0.125,17.25
222,data\scores\Debussy\Debussy_113_6.0_0.0.mxl,Debussy,Debussy_113_6.0_0.0,18,,,,note,Eb2,Eb,E,-1,2,39,3,0.125,17.5
223,data\scores\Debussy\Debussy_113_6.0_0.0.mxl,Debussy,Debussy_113_6.0_0.0,18,,,,note,Bb2,Bb,B,-1,2,46,10,0.125,17.5
224,data\scores\Debussy\Debussy_113_6.0_0.0.mxl,Debussy,Debussy_113_6.0_0.0,18,,,,note,F3,F,F,0,3,53,5,0.125,17.75
225,data\scores\Debussy\Debussy_113_6.0_0.0.mxl,Debussy,Debussy_113_6.0_0.0,18,,,,note,Ab3,Ab,A,-1,3,56,8,0.125,17.75
226,data\scores\Debussy\Debussy_113_6.0_0.0.mxl,Debussy,Debussy_113_6.0_0.0,19,,,,note,Ab4,Ab,A,-1,4,68,8,0.0625,18.0
227,data\scores\Debussy\Debussy_113_6.0_0.0.mxl,Debussy,Debussy_113_6.0_0.0,19,,,,note,F4,F,F,0,4,65,5,0.125,18.125
228,data\scores\Debussy\Debussy_113_6.0_0.0.mxl,Debussy,Debussy_113_6.0_0.0,19,,,,note,Eb4,Eb,E,-1,4,63,3,0.0625,18.375
229,data\scores\Debussy\Debussy_113_6.0_0.0.mxl,Debussy,Debussy_113_6.0_0.0,19,,,,note,Cb4,Cb,C,-1,4,71,11,0.125,18.5
230,data\scores\Debussy\Debussy_113_6.0_0.0.mxl,Debussy,Debussy_113_6.0_0.0,19,,,,note,Eb4,Eb,E,-1,4,63,3,0.125,18.75
231,data\scores\Debussy\Debussy_113_6.0_0.0.mxl,Debussy,Debussy_113_6.0_0.0,19,,,,rest,,,,,,,,0.125,18.0
232,data\scores\Debussy\Debussy_113_6.0_0.0.mxl,Debussy,Debussy_113_6.0_0.0,19,,,,note,Cb4,Cb,C,-1,4,71,11,0.125,18.25
233,data\scores\Debussy\Debussy_113_6.0_0.0.mxl,Debussy,Debussy_113_6.0_0.0,19,,,,rest,,,,,,,,0.125,18.5
234,data\scores\Debussy\Debussy_113_6.0_0.0.mxl,Debussy,Debussy_113_6.0_0.0,19,,,,note,Cb4,Cb,C,-1,4,71,11,0.125,18.75
235,data\scores\Debussy\Debussy_113_6.0_0.0.mxl,Debussy,Debussy_113_6.0_0.0,19,,,,note,Eb2,Eb,E,-1,2,39,3,0.125,18.0
236,data\scores\Debussy\Debussy_113_6.0_0.0.mxl,Debussy,Debussy_113_6.0_0.0,19,,,,note,Bb2,Bb,B,-1,2,46,10,0.125,18.0
237,data\scores\Debussy\Debussy_113_6.0_0.0.mxl,Debussy,Debussy_113_6.0_0.0,19,,,,note,F3,F,F,0,3,53,5,0.125,18.25
238,data\scores\Debussy\Debussy_113_6.0_0.0.mxl,Debussy,Debussy_113_6.0_0.0,19,,,,note,Ab3,Ab,A,-1,3,56,8,0.125,18.25
239,data\scores\Debussy\Debussy_113_6.0_0.0.mxl,Debussy,Debussy_113_6.0_0.0,19,,,,note,Eb2,Eb,E,-1,2,39,3,0.125,18.5
240,data\scores\Debussy\Debussy_113_6.0_0.0.mxl,Debussy,Debussy_113_6.0_0.0,19,,,,note,Bb2,Bb,B,-1,2,46,10,0.125,18.5
241,data\scores\Debussy\Debussy_113_6.0_0.0.mxl,Debussy,Debussy_113_6.0_0.0,19,,,,note,F3,F,F,0,3,53,5,0.125,18.75
242,data\scores\Debussy\Debussy_113_6.0_0.0.mxl,Debussy,Debussy_113_6.0_0.0,19,,,,note,Ab3,Ab,A,-1,3,56,8,0.125,18.75
243,data\scores\Debussy\Debussy_113_6.0_0.0.mxl,Debussy,Debussy_113_6.0_0.0,20,,,,note,Bb3,Bb,B,-1,3,58,10,0.0625,19.0
244,data\scores\Debussy\Debussy_113_6.0_0.0.mxl,Debussy,Debussy_113_6.0_0.0,20,,,,note,Bb3,Bb,B,-1,3,58,10,0.125,19.125
245,data\scores\Debussy\Debussy_113_6.0_0.0.mxl,Debussy,Debussy_113_6.0_0.0,20,,,,note,C4,C,C,0,4,60,0,0.0625,19.375
246,data\scores\Debussy\Debussy_113_6.0_0.0.mxl,Debussy,Debussy_113_6.0_0.0,20,,,,note,Bb3,Bb,B,-1,3,58,10,0.125,19.5
247,data\scores\Debussy\Debussy_113_6.0_0.0.mxl,Debussy,Debussy_113_6.0_0.0,20,,,,note,Eb4,Eb,E,-1,4,63,3,0.125,19.75
248,data\scores\Debussy\Debussy_113_6.0_0.0.mxl,Debussy,Debussy_113_6.0_0.0,20,,,,note,Bb4,Bb,B,-1,4,70,10,0.125,19.75
249,data\scores\Debussy\Debussy_113_6.0_0.0.mxl,Debussy,Debussy_113_6.0_0.0,20,,,,note,Eb2,Eb,E,-1,2,39,3,0.125,19.0
250,data\scores\Debussy\Debussy_113_6.0_0.0.mxl,Debussy,Debussy_113_6.0_0.0,20,,,,note,Bb2,Bb,B,-1,2,46,10,0.125,19.0
251,data\scores\Debussy\Debussy_113_6.0_0.0.mxl,Debussy,Debussy_113_6.0_0.0,20,,,,note,F3,F,F,0,3,53,5,0.125,19.25
252,data\scores\Debussy\Debussy_113_6.0_0.0.mxl,Debussy,Debussy_113_6.0_0.0,20,,,,note,G3,G,G,0,3,55,7,0.125,19.25
253,data\scores\Debussy\Debussy_113_6.0_0.0.mxl,Debussy,Debussy_113_6.0_0.0,20,,,,note,Eb2,Eb,E,-1,2,39,3,0.125,19.5
254,data\scores\Debussy\Debussy_113_6.0_0.0.mxl,Debussy,Debussy_113_6.0_0.0,20,,,,note,Bb2,Bb,B,-1,2,46,10,0.125,19.5
255,data\scores\Debussy\Debussy_113_6.0_0.0.mxl,Debussy,Debussy_113_6.0_0.0,20,,,,note,F3,F,F,0,3,53,5,0.125,19.75
256,data\scores\Debussy\Debussy_113_6.0_0.0.mxl,Debussy,Debussy_113_6.0_0.0,20,,,,note,G3,G,G,0,3,55,7,0.125,19.75
257,data\scores\Debussy\Debussy_113_6.0_0.0.mxl,Debussy,Debussy_113_6.0_0.0,21,,,,note,Bb3,Bb,B,-1,3,58,10,0.5,20.0
258,data\scores\Debussy\Debussy_113_6.0_0.0.mxl,Debussy,Debussy_113_6.0_0.0,21,,,,note,Eb2,Eb,E,-1,2,39,3,0.125,20.0
259,data\scores\Debussy\Debussy_113_6.0_0.0.mxl,Debussy,Debussy_113_6.0_0.0,21,,,,note,Bb2,Bb,B,-1,2,46,10,0.125,20.0
260,data\scores\Debussy\Debussy_113_6.0_0.0.mxl,Debussy,Debussy_113_6.0_0.0,21,,,,note,F3,F,F,0,3,53,5,0.125,20.25
261,data\scores\Debussy\Debussy_113_6.0_0.0.mxl,Debussy,Debussy_113_6.0_0.0,21,,,,note,G3,G,G,0,3,55,7,0.125,20.25
262,data\scores\Debussy\Debussy_113_6.0_0.0.mxl,Debussy,Debussy_113_6.0_0.0,21,,,,note,Eb2,Eb,E,-1,2,39,3,0.125,20.5
263,data\scores\Debussy\Debussy_113_6.0_0.0.mxl,Debussy,Debussy_113_6.0_0.0,21,,,,note,Bb2,Bb,B,-1,2,46,10,0.125,20.5
264,data\scores\Debussy\Debussy_113_6.0_0.0.mxl,Debussy,Debussy_113_6.0_0.0,21,,,,note,F3,F,F,0,3,53,5,0.125,20.75
265,data\scores\Debussy\Debussy_113_6.0_0.0.mxl,Debussy,Debussy_113_6.0_0.0,21,,,,note,G3,G,G,0,3,55,7,0.125,20.75
266,data\scores\Debussy\Debussy_113_6.0_0.0.mxl,Debussy,Debussy_113_6.0_0.0,22,,,,note,Bb3,Bb,B,-1,3,58,10,0.0625,21.0
267,data\scores\Debussy\Debussy_113_6.0_0.0.mxl,Debussy,Debussy_113_6.0_0.0,22,,,,note,Bb3,Bb,B,-1,3,58,10,0.125,21.125
268,data\scores\Debussy\Debussy_113_6.0_0.0.mxl,Debussy,Debussy_113_6.0_0.0,22,,,,note,C4,C,C,0,4,60,0,0.0625,21.375
269,data\scores\Debussy\Debussy_113_6.0_0.0.mxl,Debussy,Debussy_113_6.0_0.0,22,,,,note,Bb3,Bb,B,-1,3,58,10,0.125,21.5
270,data\scores\Debussy\Debussy_113_6.0_0.0.mxl,Debussy,Debussy_113_6.0_0.0,22,,,,note,Db4,Db,D,-1,4,61,1,0.125,21.75
271,data\scores\Debussy\Debussy_113_6.0_0.0.mxl,Debussy,Debussy_113_6.0_0.0,22,,,,note,Gb2,Gb,G,-1,2,42,6,0.125,21.0
272,data\scores\Debussy\Debussy_113_6.0_0.0.mxl,Debussy,Debussy_113_6.0_0.0,22,,,,note,Db3,Db,D,-1,3,49,1,0.125,21.0
273,data\scores\Debussy\Debussy_113_6.0_0.0.mxl,Debussy,Debussy_113_6.0_0.0,22,,,,note,Db3,Db,D,-1,3,49,1,0.125,21.25
274,data\scores\Debussy\Debussy_113_6.0_0.0.mxl,Debussy,Debussy_113_6.0_0.0,22,,,,note,Gb3,Gb,G,-1,3,54,6,0.125,21.25
275,data\scores\Debussy\Debussy_113_6.0_0.0.mxl,Debussy,Debussy_113_6.0_0.0,22,,,,note,Ab3,Ab,A,-1,3,56,8,0.125,21.25
276,data\scores\Debussy\Debussy_113_6.0_0.0.mxl,Debussy,Debussy_113_6.0_0.0,22,,,,note,Gb2,Gb,G,-1,2,42,6,0.125,21.5
277,data\scores\Debussy\Debussy_113_6.0_0.0.mxl,Debussy,Debussy_113_6.0_0.0,22,,,,note,Db3,Db,D,-1,3,49,1,0.125,21.5
278,data\scores\Debussy\Debussy_113_6.0_0.0.mxl,Debussy,Debussy_113_6.0_0.0,22,,,,note,Db3,Db,D,-1,3,49,1,0.125,21.75
279,data\scores\Debussy\Debussy_113_6.0_0.0.mxl,Debussy,Debussy_113_6.0_0.0,22,,,,note,Gb3,Gb,G,-1,3,54,6,0.125,21.75
280,data\scores\Debussy\Debussy_113_6.0_0.0.mxl,Debussy,Debussy_113_6.0_0.0,22,,,,note,A3,A,A,0,3,57,9,0.125,21.75
281,data\scores\Debussy\Debussy_113_6.0_0.0.mxl,Debussy,Debussy_113_6.0_0.0,23,,,,note,Eb4,Eb,E,-1,4,63,3,0.125,22.0
282,data\scores\Debussy\Debussy_113_6.0_0.0.mxl,Debussy,Debussy_113_6.0_0.0,23,,,,note,F4,F,F,0,4,65,5,0.125,22.25
283,data\scores\Debussy\Debussy_113_6.0_0.0.mxl,Debussy,Debussy_113_6.0_0.0,23,,,,note,Eb4,Eb,E,-1,4,63,3,0.125,22.5
284,data\scores\Debussy\Debussy_113_6.0_0.0.mxl,Debussy,Debussy_113_6.0_0.0,23,,,,note,Gb4,Gb,G,-1,4,66,6,0.125,22.75
285,data\scores\Debussy\Debussy_113_6.0_0.0.mxl,Debussy,Debussy_113_6.0_0.0,23,,,,note,Gb2,Gb,G,-1,2,42,6,0.125,22.0
286,data\scores\Debussy\Debussy_113_6.0_0.0.mxl,Debussy,Debussy_113_6.0_0.0,23,,,,note,Db3,Db,D,-1,3,49,1,0.125,22.0
287,data\scores\Debussy\Debussy_113_6.0_0.0.mxl,Debussy,Debussy_113_6.0_0.0,23,,,,note,Db3,Db,D,-1,3,49,1,0.125,22.25
288,data\scores\Debussy\Debussy_113_6.0_0.0.mxl,Debussy,Debussy_113_6.0_0.0,23,,,,note,Gb3,Gb,G,-1,3,54,6,0.125,22.25
289,data\scores\Debussy\Debussy_113_6.0_0.0.mxl,Debussy,Debussy_113_6.0_0.0,23,,,,note,Bb3,Bb,B,-1,3,58,10,0.125,22.25
290,data\scores\Debussy\Debussy_113_6.0_0.0.mxl,Debussy,Debussy_113_6.0_0.0,23,,,,note,Gb2,Gb,G,-1,2,42,6,0.125,22.5
291,data\scores\Debussy\Debussy_113_6.0_0.0.mxl,Debussy,Debussy_113_6.0_0.0,23,,,,note,Db3,Db,D,-1,3,49,1,0.125,22.5
292,data\scores\Debussy\Debussy_113_6.0_0.0.mxl,Debussy,Debussy_113_6.0_0.0,23,,,,note,Db3,Db,D,-1,3,49,1,0.125,22.75
293,data\scores\Debussy\Debussy_113_6.0_0.0.mxl,Debussy,Debussy_113_6.0_0.0,23,,,,note,Gb3,Gb,G,-1,3,54,6,0.125,22.75
294,data\scores\Debussy\Debussy_113_6.0_0.0.mxl,Debussy,Debussy_113_6.0_0.0,23,,,,note,Cb4,Cb,C,-1,4,71,11,0.125,22.75
295,data\scores\Debussy\Debussy_113_6.0_0.0.mxl,Debussy,Debussy_113_6.0_0.0,24,,,,note,F4,F,F,0,4,65,5,0.0625,23.0
296,data\scores\Debussy\Debussy_113_6.0_0.0.mxl,Debussy,Debussy_113_6.0_0.0,24,,,,note,F4,F,F,0,4,65,5,0.125,23.125
297,data\scores\Debussy\Debussy_113_6.0_0.0.mxl,Debussy,Debussy_113_6.0_0.0,24,,,,note,G4,G,G,0,4,67,7,0.0625,23.375
298,data\scores\Debussy\Debussy_113_6.0_0.0.mxl,Debussy,Debussy_113_6.0_0.0,24,,,,note,F4,F,F,0,4,65,5,0.125,23.5
299,data\scores\Debussy\Debussy_113_6.0_0.0.mxl,Debussy,Debussy_113_6.0_0.0,24,,,,note,G4,G,G,0,4,67,7,0.125,23.75
300,data\scores\Debussy\Debussy_113_6.0_0.0.mxl,Debussy,Debussy_113_6.0_0.0,24,,,,note,D5,D,D,0,5,74,2,0.125,23.75
301,data\scores\Debussy\Debussy_113_6.0_0.0.mxl,Debussy,Debussy_113_6.0_0.0,24,,,,rest,,,,,,,,0.125,23.0
302,data\scores\Debussy\Debussy_113_6.0_0.0.mxl,Debussy,Debussy_113_6.0_0.0,24,,,,note,Db4,Db,D,-1,4,61,1,0.125,23.25
303,data\scores\Debussy\Debussy_113_6.0_0.0.mxl,Debussy,Debussy_113_6.0_0.0,24,,,,note,E4,E,E,0,4,64,4,0.125,23.25
304,data\scores\Debussy\Debussy_113_6.0_0.0.mxl,Debussy,Debussy_113_6.0_0.0,24,,,,note,C4,C,C,0,4,60,0,0.125,23.5
305,data\scores\Debussy\Debussy_113_6.0_0.0.mxl,Debussy,Debussy_113_6.0_0.0,24,,,,note,Eb4,Eb,E,-1,4,63,3,0.125,23.5
306,data\scores\Debussy\Debussy_113_6.0_0.0.mxl,Debussy,Debussy_113_6.0_0.0,24,,,,note,F3,F,F,0,3,53,5,0.125,23.75
307,data\scores\Debussy\Debussy_113_6.0_0.0.mxl,Debussy,Debussy_113_6.0_0.0,24,,,,note,A3,A,A,0,3,57,9,0.125,23.75
308,data\scores\Debussy\Debussy_113_6.0_0.0.mxl,Debussy,Debussy_113_6.0_0.0,24,,,,note,Eb4,Eb,E,-1,4,63,3,0.125,23.75
309,data\scores\Debussy\Debussy_113_6.0_0.0.mxl,Debussy,Debussy_113_6.0_0.0,25,,,,note,D4,D,D,0,4,62,2,0.25,24.0
310,data\scores\Debussy\Debussy_113_6.0_0.0.mxl,Debussy,Debussy_113_6.0_0.0,25,,,,note,Bb4,Bb,B,-1,4,70,10,0.25,24.0
311,data\scores\Debussy\Debussy_113_6.0_0.0.mxl,Debussy,Debussy_113_6.0_0.0,25,,,,note,Bb5,Bb,B,-1,5,82,10,0.125,24.5
312,data\scores\Debussy\Debussy_113_6.0_0.0.mxl,Debussy,Debussy_113_6.0_0.0,25,,,,note,Bb6,Bb,B,-1,6,94,10,0.125,24.5
313,data\scores\Debussy\Debussy_113_6.0_0.0.mxl,Debussy,Debussy_113_6.0_0.0,25,,,,rest,,,,,,,,0.125,24.75
314,data\scores\Debussy\Debussy_113_6.0_0.0.mxl,Debussy,Debussy_113_6.0_0.0,25,,,,note,Bb2,Bb,B,-1,2,46,10,0.25,24.0
315,data\scores\Debussy\Debussy_113_6.0_0.0.mxl,Debussy,Debussy_113_6.0_0.0,25,,,,note,F3,F,F,0,3,53,5,0.25,24.0
316,data\scores\Debussy\Debussy_113_6.0_0.0.mxl,Debussy,Debussy_113_6.0_0.0,25,,,,note,Bb3,Bb,B,-1,3,58,10,0.25,24.0
317,data\scores\Debussy\Debussy_113_6.0_0.0.mxl,Debussy,Debussy_113_6.0_0.0,25,,,,note,Bb1,Bb,B,-1,1,34,10,0.125,24.5
318,data\scores\Debussy\Debussy_113_6.0_0.0.mxl,Debussy,Debussy_113_6.0_0.0,25,,,,note,Bb2,Bb,B,-1,2,46,10,0.125,24.5
319,data\scores\Debussy\Debussy_113_6.0_0.0.mxl,Debussy,Debussy_113_6.0_0.0,25,,,,rest,,,,,,,,0.125,24.75
320,data\scores\Debussy\Debussy_113_6.0_0.0.mxl,Debussy,Debussy_113_6.0_0.0,26,,,,note,C4,C,C,0,4,60,0,0.0625,25.0
321,data\scores\Debussy\Debussy_113_6.0_0.0.mxl,Debussy,Debussy_113_6.0_0.0,26,,,,note,Eb4,Eb,E,-1,4,63,3,0.0625,25.0
322,data\scores\Debussy\Debussy_113_6.0_0.0.mxl,Debussy,Debussy_113_6.0_0.0,26,,,,note,D4,D,D,0,4,62,2,0.125,25.125
323,data\scores\Debussy\Debussy_113_6.0_0.0.mxl,Debussy,Debussy_113_6.0_0.0,26,,,,note,F4,F,F,0,4,65,5,0.125,25.125
324,data\scores\Debussy\Debussy_113_6.0_0.0.mxl,Debussy,Debussy_113_6.0_0.0,26,,,,note,Eb4,Eb,E,-1,4,63,3,0.0625,25.375
325,data\scores\Debussy\Debussy_113_6.0_0.0.mxl,Debussy,Debussy_113_6.0_0.0,26,,,,note,G4,G,G,0,4,67,7,0.0625,25.375
326,data\scores\Debussy\Debussy_113_6.0_0.0.mxl,Debussy,Debussy_113_6.0_0.0,26,,,,note,D4,D,D,0,4,62,2,0.125,25.5
327,data\scores\Debussy\Debussy_113_6.0_0.0.mxl,Debussy,Debussy_113_6.0_0.0,26,,,,note,F4,F,F,0,4,65,5,0.125,25.5
328,data\scores\Debussy\Debussy_113_6.0_0.0.mxl,Debussy,Debussy_113_6.0_0.0,26,,,,note,C4,C,C,0,4,60,0,0.125,25.75
329,data\scores\Debussy\Debussy_113_6.0_0.0.mxl,Debussy,Debussy_113_6.0_0.0,26,,,,note,Eb4,Eb,E,-1,4,63,3,0.125,25.75
330,data\scores\Debussy\Debussy_113_6.0_0.0.mxl,Debussy,Debussy_113_6.0_0.0,26,,,,note,Ab3,Ab,A,-1,3,56,8,0.125,25.0
331,data\scores\Debussy\Debussy_113_6.0_0.0.mxl,Debussy,Debussy_113_6.0_0.0,26,,,,note,Bb3,Bb,B,-1,3,58,10,0.125,25.0
332,data\scores\Debussy\Debussy_113_6.0_0.0.mxl,Debussy,Debussy_113_6.0_0.0,26,,,,note,Ab4,Ab,A,-1,4,68,8,0.125,25.25
333,data\scores\Debussy\Debussy_113_6.0_0.0.mxl,Debussy,Debussy_113_6.0_0.0,26,,,,note,Bb4,Bb,B,-1,4,70,10,0.125,25.25
334,data\scores\Debussy\Debussy_113_6.0_0.0.mxl,Debussy,Debussy_113_6.0_0.0,26,,,,note,Ab3,Ab,A,-1,3,56,8,0.125,25.5
335,data\scores\Debussy\Debussy_113_6.0_0.0.mxl,Debussy,Debussy_113_6.0_0.0,26,,,,note,Bb3,Bb,B,-1,3,58,10,0.125,25.5
336,data\scores\Debussy\Debussy_113_6.0_0.0.mxl,Debussy,Debussy_113_6.0_0.0,26,,,,note,Ab4,Ab,A,-1,4,68,8,0.125,25.75
337,data\scores\Debussy\Debussy_113_6.0_0.0.mxl,Debussy,Debussy_113_6.0_0.0,26,,,,note,Bb4,Bb,B,-1,4,70,10,0.125,25.75
338,data\scores\Debussy\Debussy_113_6.0_0.0.mxl,Debussy,Debussy_113_6.0_0.0,27,,,,note,D4,D,D,0,4,62,2,0.5,26.0
339,data\scores\Debussy\Debussy_113_6.0_0.0.mxl,Debussy,Debussy_113_6.0_0.0,27,,,,note,F4,F,F,0,4,65,5,0.5,26.0
340,data\scores\Debussy\Debussy_113_6.0_0.0.mxl,Debussy,Debussy_113_6.0_0.0,27,,,,rest,,,,,,,,0.25,26.0
341,data\scores\Debussy\Debussy_113_6.0_0.0.mxl,Debussy,Debussy_113_6.0_0.0,27,,,,note,Bb5,Bb,B,-1,5,82,10,0.125,26.5
342,data\scores\Debussy\Debussy_113_6.0_0.0.mxl,Debussy,Debussy_113_6.0_0.0,27,,,,note,Bb6,Bb,B,-1,6,94,10,0.125,26.5
343,data\scores\Debussy\Debussy_113_6.0_0.0.mxl,Debussy,Debussy_113_6.0_0.0,27,,,,rest,,,,,,,,0.125,26.75
344,data\scores\Debussy\Debussy_113_6.0_0.0.mxl,Debussy,Debussy_113_6.0_0.0,27,,,,note,Ab3,Ab,A,-1,3,56,8,0.125,26.0
345,data\scores\Debussy\Debussy_113_6.0_0.0.mxl,Debussy,Debussy_113_6.0_0.0,27,,,,note,Bb3,Bb,B,-1,3,58,10,0.125,26.0
346,data\scores\Debussy\Debussy_113_6.0_0.0.mxl,Debussy,Debussy_113_6.0_0.0,27,,,,note,Ab4,Ab,A,-1,4,68,8,0.125,26.25
347,data\scores\Debussy\Debussy_113_6.0_0.0.mxl,Debussy,Debussy_113_6.0_0.0,27,,,,note,Bb4,Bb,B,-1,4,70,10,0.125,26.25
348,data\scores\Debussy\Debussy_113_6.0_0.0.mxl,Debussy,Debussy_113_6.0_0.0,27,,,,note,Ab3,Ab,A,-1,3,56,8,0.125,26.5
349,data\scores\Debussy\Debussy_113_6.0_0.0.mxl,Debussy,Debussy_113_6.0_0.0,27,,,,note,Bb3,Bb,B,-1,3,58,10,0.125,26.5
350,data\scores\Debussy\Debussy_113_6.0_0.0.mxl,Debussy,Debussy_113_6.0_0.0,27,,,,note,Ab4,Ab,A,-1,4,68,8,0.125,26.75
351,data\scores\Debussy\Debussy_113_6.0_0.0.mxl,Debussy,Debussy_113_6.0_0.0,27,,,,note,Bb4,Bb,B,-1,4,70,10,0.125,26.75
352,data\scores\Debussy\Debussy_113_6.0_0.0.mxl,Debussy,Debussy_113_6.0_0.0,28,,,,note,C4,C,C,0,4,60,0,0.0625,27.0
353,data\scores\Debussy\Debussy_113_6.0_0.0.mxl,Debussy,Debussy_113_6.0_0.0,28,,,,note,Eb4,Eb,E,-1,4,63,3,0.0625,27.0
354,data\scores\Debussy\Debussy_113_6.0_0.0.mxl,Debussy,Debussy_113_6.0_0.0,28,,,,note,D4,D,D,0,4,62,2,0.125,27.125
355,data\scores\Debussy\Debussy_113_6.0_0.0.mxl,Debussy,Debussy_113_6.0_0.0,28,,,,note,F4,F,F,0,4,65,5,0.125,27.125
356,data\scores\Debussy\Debussy_113_6.0_0.0.mxl,Debussy,Debussy_113_6.0_0.0,28,,,,note,Eb4,Eb,E,-1,4,63,3,0.0625,27.375
357,data\scores\Debussy\Debussy_113_6.0_0.0.mxl,Debussy,Debussy_113_6.0_0.0,28,,,,note,G4,G,G,0,4,67,7,0.0625,27.375
358,data\scores\Debussy\Debussy_113_6.0_0.0.mxl,Debussy,Debussy_113_6.0_0.0,28,,,,note,D4,D,D,0,4,62,2,0.125,27.5
359,data\scores\Debussy\Debussy_113_6.0_0.0.mxl,Debussy,Debussy_113_6.0_0.0,28,,,,note,F4,F,F,0,4,65,5,0.125,27.5
360,data\scores\Debussy\Debussy_113_6.0_0.0.mxl,Debussy,Debussy_113_6.0_0.0,28,,,,note,C4,C,C,0,4,60,0,0.125,27.75
361,data\scores\Debussy\Debussy_113_6.0_0.0.mxl,Debussy,Debussy_113_6.0_0.0,28,,,,note,Eb4,Eb,E,-1,4,63,3,0.125,27.75
362,data\scores\Debussy\Debussy_113_6.0_0.0.mxl,Debussy,Debussy_113_6.0_0.0,28,,,,note,G3,G,G,0,3,55,7,0.125,27.0
363,data\scores\Debussy\Debussy_113_6.0_0.0.mxl,Debussy,Debussy_113_6.0_0.0,28,,,,note,Bb3,Bb,B,-1,3,58,10,0.125,27.0
364,data\scores\Debussy\Debussy_113_6.0_0.0.mxl,Debussy,Debussy_113_6.0_0.0,28,,,,note,Bb4,Bb,B,-1,4,70,10,0.125,27.25
365,data\scores\Debussy\Debussy_113_6.0_0.0.mxl,Debussy,Debussy_113_6.0_0.0,28,,,,note,G3,G,G,0,3,55,7,0.125,27.5
366,data\scores\Debussy\Debussy_113_6.0_0.0.mxl,Debussy,Debussy_113_6.0_0.0,28,,,,note,Bb3,Bb,B,-1,3,58,10,0.125,27.5
367,data\scores\Debussy\Debussy_113_6.0_0.0.mxl,Debussy,Debussy_113_6.0_0.0,28,,,,note,Bb4,Bb,B,-1,4,70,10,0.125,27.75
368,data\scores\Debussy\Debussy_113_6.0_0.0.mxl,Debussy,Debussy_113_6.0_0.0,29,,,,note,D4,D,D,0,4,62,2,0.125,28.0
369,data\scores\Debussy\Debussy_113_6.0_0.0.mxl,Debussy,Debussy_113_6.0_0.0,29,,,,note,F4,F,F,0,4,65,5,0.125,28.0
370,data\scores\Debussy\Debussy_113_6.0_0.0.mxl,Debussy,Debussy_113_6.0_0.0,29,,,,note,C4,C,C,0,4,60,0,0.125,28.25
371,data\scores\Debussy\Debussy_113_6.0_0.0.mxl,Debussy,Debussy_113_6.0_0.0,29,,,,note,Eb4,Eb,E,-1,4,63,3,0.125,28.25
372,data\scores\Debussy\Debussy_113_6.0_0.0.mxl,Debussy,Debussy_113_6.0_0.0,29,,,,note,D4,D,D,0,4,62,2,0.125,28.5
373,data\scores\Debussy\Debussy_113_6.0_0.0.mxl,Debussy,Debussy_113_6.0_0.0,29,,,,note,F4,F,F,0,4,65,5,0.125,28.5
374,data\scores\Debussy\Debussy_113_6.0_0.0.mxl,Debussy,Debussy_113_6.0_0.0,29,,,,note,G4,G,G,0,4,67,7,0.125,28.75
375,data\scores\Debussy\Debussy_113_6.0_0.0.mxl,Debussy,Debussy_113_6.0_0.0,29,,,,note,Bb4,Bb,B,-1,4,70,10,0.125,28.75
376,data\scores\Debussy\Debussy_113_6.0_0.0.mxl,Debussy,Debussy_113_6.0_0.0,29,,,,note,C5,C,C,0,5,72,0,0.125,28.75
377,data\scores\Debussy\Debussy_113_6.0_0.0.mxl,Debussy,Debussy_113_6.0_0.0,29,,,,note,G3,G,G,0,3,55,7,0.125,28.0
378,data\scores\Debussy\Debussy_113_6.0_0.0.mxl,Debussy,Debussy_113_6.0_0.0,29,,,,note,Bb3,Bb,B,-1,3,58,10,0.125,28.0
379,data\scores\Debussy\Debussy_113_6.0_0.0.mxl,Debussy,Debussy_113_6.0_0.0,29,,,,note,Bb4,Bb,B,-1,4,70,10,0.125,28.25
380,data\scores\Debussy\Debussy_113_6.0_0.0.mxl,Debussy,Debussy_113_6.0_0.0,29,,,,note,G3,G,G,0,3,55,7,0.125,28.5
381,data\scores\Debussy\Debussy_113_6.0_0.0.mxl,Debussy,Debussy_113_6.0_0.0,29,,,,note,Bb3,Bb,B,-1,3,58,10,0.125,28.5
382,data\scores\Debussy\Debussy_113_6.0_0.0.mxl,Debussy,Debussy_113_6.0_0.0,29,,,,note,Eb4,Eb,E,-1,4,63,3,0.125,28.75
383,data\scores\Debussy\Debussy_113_6.0_0.0.mxl,Debussy,Debussy_113_6.0_0.0,30,,,,note,Ab3,Ab,A,-1,3,56,8,0.5,29.0
384,data\scores\Debussy\Debussy_113_6.0_0.0.mxl,Debussy,Debussy_113_6.0_0.0,30,,,,note,C4,C,C,0,4,60,0,0.5,29.0
385,data\scores\Debussy\Debussy_113_6.0_0.0.mxl,Debussy,Debussy_113_6.0_0.0,30,,,,note,Eb4,Eb,E,-1,4,63,3,0.5,29.0
386,data\scores\Debussy\Debussy_113_6.0_0.0.mxl,Debussy,Debussy_113_6.0_0.0,30,,,,note,Bb2,Bb,B,-1,2,46,10,0.0625,29.0
387,data\scores\Debussy\Debussy_113_6.0_0.0.mxl,Debussy,Debussy_113_6.0_0.0,30,,,,note,C3,C,C,0,3,48,0,0.125,29.125
388,data\scores\Debussy\Debussy_113_6.0_0.0.mxl,Debussy,Debussy_113_6.0_0.0,30,,,,note,D3,D,D,0,3,50,2,0.0625,29.375
389,data\scores\Debussy\Debussy_113_6.0_0.0.mxl,Debussy,Debussy_113_6.0_0.0,30,,,,note,C3,C,C,0,3,48,0,0.125,29.5
390,data\scores\Debussy\Debussy_113_6.0_0.0.mxl,Debussy,Debussy_113_6.0_0.0,30,,,,note,Bb2,Bb,B,-1,2,46,10,0.125,29.75
391,data\scores\Debussy\Debussy_113_6.0_0.0.mxl,Debussy,Debussy_113_6.0_0.0,31,,,,note,Ab3,Ab,A,-1,3,56,8,0.5,30.0
392,data\scores\Debussy\Debussy_113_6.0_0.0.mxl,Debussy,Debussy_113_6.0_0.0,31,,,,note,C4,C,C,0,4,60,0,0.5,30.0
393,data\scores\Debussy\Debussy_113_6.0_0.0.mxl,Debussy,Debussy_113_6.0_0.0,31,,,,note,Eb4,Eb,E,-1,4,63,3,0.5,30.0
394,data\scores\Debussy\Debussy_113_6.0_0.0.mxl,Debussy,Debussy_113_6.0_0.0,31,,,,note,Bb2,Bb,B,-1,2,46,10,0.0625,30.0
395,data\scores\Debussy\Debussy_113_6.0_0.0.mxl,Debussy,Debussy_113_6.0_0.0,31,,,,note,C3,C,C,0,3,48,0,0.125,30.125
396,data\scores\Debussy\Debussy_113_6.0_0.0.mxl,Debussy,Debussy_113_6.0_0.0,31,,,,note,D3,D,D,0,3,50,2,0.0625,30.375
397,data\scores\Debussy\Debussy_113_6.0_0.0.mxl,Debussy,Debussy_113_6.0_0.0,31,,,,note,C3,C,C,0,3,48,0,0.125,30.5
398,data\scores\Debussy\Debussy_113_6.0_0.0.mxl,Debussy,Debussy_113_6.0_0.0,31,,,,note,Bb2,Bb,B,-1,2,46,10,0.125,30.75
399,data\scores\Debussy\Debussy_113_6.0_0.0.mxl,Debussy,Debussy_113_6.0_0.0,32,,,,note,G3,G,G,0,3,55,7,0.5,31.0
400,data\scores\Debussy\Debussy_113_6.0_0.0.mxl,Debussy,Debussy_113_6.0_0.0,32,,,,note,C4,C,C,0,4,60,0,0.5,31.0
401,data\scores\Debussy\Debussy_113_6.0_0.0.mxl,Debussy,Debussy_113_6.0_0.0,32,,,,note,Eb4,Eb,E,-1,4,63,3,0.5,31.0
402,data\scores\Debussy\Debussy_113_6.0_0.0.mxl,Debussy,Debussy_113_6.0_0.0,32,,,,note,Bb2,Bb,B,-1,2,46,10,0.0625,31.0
403,data\scores\Debussy\Debussy_113_6.0_0.0.mxl,Debussy,Debussy_113_6.0_0.0,32,,,,note,C3,C,C,0,3,48,0,0.125,31.125
404,data\scores\Debussy\Debussy_113_6.0_0.0.mxl,Debussy,Debussy_113_6.0_0.0,32,,,,note,D3,D,D,0,3,50,2,0.0625,31.375
405,data\scores\Debussy\Debussy_113_6.0_0.0.mxl,Debussy,Debussy_113_6.0_0.0,32,,,,note,C3,C,C,0,3,48,0,0.125,31.5
406,data\scores\Debussy\Debussy_113_6.0_0.0.mxl,Debussy,Debussy_113_6.0_0.0,32,,,,note,Bb2,Bb,B,-1,2,46,10,0.125,31.75
407,data\scores\Debussy\Debussy_113_6.0_0.0.mxl,Debussy,Debussy_113_6.0_0.0,33,,,,rest,,,,,,,,0.0625,32.0
408,data\scores\Debussy\Debussy_113_6.0_0.0.mxl,Debussy,Debussy_113_6.0_0.0,33,,,,note,Bb2,Bb,B,-1,2,46,10,0.0625,32.125
409,data\scores\Debussy\Debussy_113_6.0_0.0.mxl,Debussy,Debussy_113_6.0_0.0,33,,,,note,C3,C,C,0,3,48,0,0.0625,32.25
410,data\scores\Debussy\Debussy_113_6.0_0.0.mxl,Debussy,Debussy_113_6.0_0.0,33,,,,note,D3,D,D,0,3,50,2,0.0625,32.375
411,data\scores\Debussy\Debussy_113_6.0_0.0.mxl,Debussy,Debussy_113_6.0_0.0,33,,,,note,C3,C,C,0,3,48,0,0.125,32.5
412,data\scores\Debussy\Debussy_113_6.0_0.0.mxl,Debussy,Debussy_113_6.0_0.0,33,,,,note,Bb2,Bb,B,-1,2,46,10,0.125,32.75
413,data\scores\Debussy\Debussy_113_6.0_0.0.mxl,Debussy,Debussy_113_6.0_0.0,33,,,,rest,,,,,,,,0.0625,32.0
414,data\scores\Debussy\Debussy_113_6.0_0.0.mxl,Debussy,Debussy_113_6.0_0.0,33,,,,note,Bb1,Bb,B,-1,1,34,10,0.0625,32.125
415,data\scores\Debussy\Debussy_113_6.0_0.0.mxl,Debussy,Debussy_113_6.0_0.0,33,,,,note,C2,C,C,0,2,36,0,0.0625,32.25
416,data\scores\Debussy\Debussy_113_6.0_0.0.mxl,Debussy,Debussy_113_6.0_0.0,33,,,,note,D2,D,D,0,2,38,2,0.0625,32.375
417,data\scores\Debussy\Debussy_113_6.0_0.0.mxl,Debussy,Debussy_113_6.0_0.0,33,,,,note,C2,C,C,0,2,36,0,0.125,32.5
418,data\scores\Debussy\Debussy_113_6.0_0.0.mxl,Debussy,Debussy_113_6.0_0.0,33,,,,note,Bb0,Bb,B,-1,0,22,10,0.125,32.75
419,data\scores\Debussy\Debussy_113_6.0_0.0.mxl,Debussy,Debussy_113_6.0_0.0,33,,,,note,Bb1,Bb,B,-1,1,34,10,0.125,32.75
420,data\scores\Debussy\Debussy_113_6.0_0.0.mxl,Debussy,Debussy_113_6.0_0.0,34,,,,note,C4,C,C,0,4,60,0,0.0625,33.0
421,data\scores\Debussy\Debussy_113_6.0_0.0.mxl,Debussy,Debussy_113_6.0_0.0,34,,,,note,Eb4,Eb,E,-1,4,63,3,0.0625,33.0
422,data\scores\Debussy\Debussy_113_6.0_0.0.mxl,Debussy,Debussy_113_6.0_0.0,34,,,,note,D4,D,D,0,4,62,2,0.125,33.125
423,data\scores\Debussy\Debussy_113_6.0_0.0.mxl,Debussy,Debussy_113_6.0_0.0,34,,,,note,F4,F,F,0,4,65,5,0.125,33.125
424,data\scores\Debussy\Debussy_113_6.0_0.0.mxl,Debussy,Debussy_113_6.0_0.0,34,,,,note,Eb4,Eb,E,-1,4,63,3,0.0625,33.375
425,data\scores\Debussy\Debussy_113_6.0_0.0.mxl,Debussy,Debussy_113_6.0_0.0,34,,,,note,G4,G,G,0,4,67,7,0.0625,33.375
426,data\scores\Debussy\Debussy_113_6.0_0.0.mxl,Debussy,Debussy_113_6.0_0.0,34,,,,note,D4,D,D,0,4,62,2,0.125,33.5
427,data\scores\Debussy\Debussy_113_6.0_0.0.mxl,Debussy,Debussy_113_6.0_0.0,34,,,,note,F4,F,F,0,4,65,5,0.125,33.5
428,data\scores\Debussy\Debussy_113_6.0_0.0.mxl,Debussy,Debussy_113_6.0_0.0,34,,,,note,C4,C,C,0,4,60,0,0.125,33.75
429,data\scores\Debussy\Debussy_113_6.0_0.0.mxl,Debussy,Debussy_113_6.0_0.0,34,,,,note,Eb4,Eb,E,-1,4,63,3,0.125,33.75
430,data\scores\Debussy\Debussy_113_6.0_0.0.mxl,Debussy,Debussy_113_6.0_0.0,34,,,,note,Ab3,Ab,A,-1,3,56,8,0.125,33.0
431,data\scores\Debussy\Debussy_113_6.0_0.0.mxl,Debussy,Debussy_113_6.0_0.0,34,,,,note,Bb3,Bb,B,-1,3,58,10,0.125,33.0
432,data\scores\Debussy\Debussy_113_6.0_0.0.mxl,Debussy,Debussy_113_6.0_0.0,34,,,,note,Ab4,Ab,A,-1,4,68,8,0.125,33.25
433,data\scores\Debussy\Debussy_113_6.0_0.0.mxl,Debussy,Debussy_113_6.0_0.0,34,,,,note,Bb4,Bb,B,-1,4,70,10,0.125,33.25
434,data\scores\Debussy\Debussy_113_6.0_0.0.mxl,Debussy,Debussy_113_6.0_0.0,34,,,,note,Ab3,Ab,A,-1,3,56,8,0.125,33.5
435,data\scores\Debussy\Debussy_113_6.0_0.0.mxl,Debussy,Debussy_113_6.0_0.0,34,,,,note,Bb3,Bb,B,-1,3,58,10,0.125,33.5
436,data\scores\Debussy\Debussy_113_6.0_0.0.mxl,Debussy,Debussy_113_6.0_0.0,34,,,,note,Ab4,Ab,A,-1,4,68,8,0.125,33.75
437,data\scores\Debussy\Debussy_113_6.0_0.0.mxl,Debussy,Debussy_113_6.0_0.0,34,,,,note,Bb4,Bb,B,-1,4,70,10,0.125,33.75
438,data\scores\Debussy\Debussy_113_6.0_0.0.mxl,Debussy,Debussy_113_6.0_0.0,35,,,,note,D4,D,D,0,4,62,2,0.5,34.0
439,data\scores\Debussy\Debussy_113_6.0_0.0.mxl,Debussy,Debussy_113_6.0_0.0,35,,,,note,F4,F,F,0,4,65,5,0.5,34.0
440,data\scores\Debussy\Debussy_113_6.0_0.0.mxl,Debussy,Debussy_113_6.0_0.0,35,,,,rest,,,,,,,,0.25,34.0
441,data\scores\Debussy\Debussy_113_6.0_0.0.mxl,Debussy,Debussy_113_6.0_0.0,35,,,,note,Bb5,Bb,B,-1,5,82,10,0.125,34.5
442,data\scores\Debussy\Debussy_113_6.0_0.0.mxl,Debussy,Debussy_113_6.0_0.0,35,,,,note,Bb6,Bb,B,-1,6,94,10,0.125,34.5
443,data\scores\Debussy\Debussy_113_6.0_0.0.mxl,Debussy,Debussy_113_6.0_0.0,35,,,,rest,,,,,,,,0.125,34.75
444,data\scores\Debussy\Debussy_113_6.0_0.0.mxl,Debussy,Debussy_113_6.0_0.0,35,,,,note,Ab3,Ab,A,-1,3,56,8,0.125,34.0
445,data\scores\Debussy\Debussy_113_6.0_0.0.mxl,Debussy,Debussy_113_6.0_0.0,35,,,,note,Bb3,Bb,B,-1,3,58,10,0.125,34.0
446,data\scores\Debussy\Debussy_113_6.0_0.0.mxl,Debussy,Debussy_113_6.0_0.0,35,,,,note,Ab4,Ab,A,-1,4,68,8,0.125,34.25
447,data\scores\Debussy\Debussy_113_6.0_0.0.mxl,Debussy,Debussy_113_6.0_0.0,35,,,,note,Bb4,Bb,B,-1,4,70,10,0.125,34.25
448,data\scores\Debussy\Debussy_113_6.0_0.0.mxl,Debussy,Debussy_113_6.0_0.0,35,,,,note,Ab3,Ab,A,-1,3,56,8,0.125,34.5
449,data\scores\Debussy\Debussy_113_6.0_0.0.mxl,Debussy,Debussy_113_6.0_0.0,35,,,,note,Bb3,Bb,B,-1,3,58,10,0.125,34.5
450,data\scores\Debussy\Debussy_113_6.0_0.0.mxl,Debussy,Debussy_113_6.0_0.0,35,,,,note,Ab4,Ab,A,-1,4,68,8,0.125,34.75
451,data\scores\Debussy\Debussy_113_6.0_0.0.mxl,Debussy,Debussy_113_6.0_0.0,35,,,,note,Bb4,Bb,B,-1,4,70,10,0.125,34.75
452,data\scores\Debussy\Debussy_113_6.0_0.0.mxl,Debussy,Debussy_113_6.0_0.0,36,,,,note,C4,C,C,0,4,60,0,0.0625,35.0
453,data\scores\Debussy\Debussy_113_6.0_0.0.mxl,Debussy,Debussy_113_6.0_0.0,36,,,,note,Eb4,Eb,E,-1,4,63,3,0.0625,35.0
454,data\scores\Debussy\Debussy_113_6.0_0.0.mxl,Debussy,Debussy_113_6.0_0.0,36,,,,note,D4,D,D,0,4,62,2,0.125,35.125
455,data\scores\Debussy\Debussy_113_6.0_0.0.mxl,Debussy,Debussy_113_6.0_0.0,36,,,,note,F4,F,F,0,4,65,5,0.125,35.125
456,data\scores\Debussy\Debussy_113_6.0_0.0.mxl,Debussy,Debussy_113_6.0_0.0,36,,,,note,Eb4,Eb,E,-1,4,63,3,0.0625,35.375
457,data\scores\Debussy\Debussy_113_6.0_0.0.mxl,Debussy,Debussy_113_6.0_0.0,36,,,,note,G4,G,G,0,4,67,7,0.0625,35.375
458,data\scores\Debussy\Debussy_113_6.0_0.0.mxl,Debussy,Debussy_113_6.0_0.0,36,,,,note,D4,D,D,0,4,62,2,0.125,35.5
459,data\scores\Debussy\Debussy_113_6.0_0.0.mxl,Debussy,Debussy_113_6.0_0.0,36,,,,note,F4,F,F,0,4,65,5,0.125,35.5
460,data\scores\Debussy\Debussy_113_6.0_0.0.mxl,Debussy,Debussy_113_6.0_0.0,36,,,,note,C4,C,C,0,4,60,0,0.125,35.75
461,data\scores\Debussy\Debussy_113_6.0_0.0.mxl,Debussy,Debussy_113_6.0_0.0,36,,,,note,Eb4,Eb,E,-1,4,63,3,0.125,35.75
462,data\scores\Debussy\Debussy_113_6.0_0.0.mxl,Debussy,Debussy_113_6.0_0.0,36,,,,note,G3,G,G,0,3,55,7,0.125,35.0
463,data\scores\Debussy\Debussy_113_6.0_0.0.mxl,Debussy,Debussy_113_6.0_0.0,36,,,,note,Bb3,Bb,B,-1,3,58,10,0.125,35.0
464,data\scores\Debussy\Debussy_113_6.0_0.0.mxl,Debussy,Debussy_113_6.0_0.0,36,,,,note,G4,G,G,0,4,67,7,0.125,35.25
465,data\scores\Debussy\Debussy_113_6.0_0.0.mxl,Debussy,Debussy_113_6.0_0.0,36,,,,note,Bb4,Bb,B,-1,4,70,10,0.125,35.25
466,data\scores\Debussy\Debussy_113_6.0_0.0.mxl,Debussy,Debussy_113_6.0_0.0,36,,,,note,G3,G,G,0,3,55,7,0.125,35.5
467,data\scores\Debussy\Debussy_113_6.0_0.0.mxl,Debussy,Debussy_113_6.0_0.0,36,,,,note,Bb3,Bb,B,-1,3,58,10,0.125,35.5
468,data\scores\Debussy\Debussy_113_6.0_0.0.mxl,Debussy,Debussy_113_6.0_0.0,36,,,,note,G4,G,G,0,4,67,7,0.125,35.75
469,data\scores\Debussy\Debussy_113_6.0_0.0.mxl,Debussy,Debussy_113_6.0_0.0,36,,,,note,Bb4,Bb,B,-1,4,70,10,0.125,35.75
470,data\scores\Debussy\Debussy_113_6.0_0.0.mxl,Debussy,Debussy_113_6.0_0.0,37,,,,note,D4,D,D,0,4,62,2,0.125,36.0
471,data\scores\Debussy\Debussy_113_6.0_0.0.mxl,Debussy,Debussy_113_6.0_0.0,37,,,,note,F4,F,F,0,4,65,5,0.125,36.0
472,data\scores\Debussy\Debussy_113_6.0_0.0.mxl,Debussy,Debussy_113_6.0_0.0,37,,,,note,C4,C,C,0,4,60,0,0.125,36.25
473,data\scores\Debussy\Debussy_113_6.0_0.0.mxl,Debussy,Debussy_113_6.0_0.0,37,,,,note,Eb4,Eb,E,-1,4,63,3,0.125,36.25
474,data\scores\Debussy\Debussy_113_6.0_0.0.mxl,Debussy,Debussy_113_6.0_0.0,37,,,,note,D4,D,D,0,4,62,2,0.125,36.5
475,data\scores\Debussy\Debussy_113_6.0_0.0.mxl,Debussy,Debussy_113_6.0_0.0,37,,,,note,F4,F,F,0,4,65,5,0.125,36.5
476,data\scores\Debussy\Debussy_113_6.0_0.0.mxl,Debussy,Debussy_113_6.0_0.0,37,,,,note,G4,G,G,0,4,67,7,0.125,36.75
477,data\scores\Debussy\Debussy_113_6.0_0.0.mxl,Debussy,Debussy_113_6.0_0.0,37,,,,note,Bb4,Bb,B,-1,4,70,10,0.125,36.75
478,data\scores\Debussy\Debussy_113_6.0_0.0.mxl,Debussy,Debussy_113_6.0_0.0,37,,,,note,C5,C,C,0,5,72,0,0.125,36.75
479,data\scores\Debussy\Debussy_113_6.0_0.0.mxl,Debussy,Debussy_113_6.0_0.0,37,,,,note,G3,G,G,0,3,55,7,0.125,36.0
480,data\scores\Debussy\Debussy_113_6.0_0.0.mxl,Debussy,Debussy_113_6.0_0.0,37,,,,note,Bb3,Bb,B,-1,3,58,10,0.125,36.0
481,data\scores\Debussy\Debussy_113_6.0_0.0.mxl,Debussy,Debussy_113_6.0_0.0,37,,,,note,G4,G,G,0,4,67,7,0.125,36.25
482,data\scores\Debussy\Debussy_113_6.0_0.0.mxl,Debussy,Debussy_113_6.0_0.0,37,,,,note,Bb4,Bb,B,-1,4,70,10,0.125,36.25
483,data\scores\Debussy\Debussy_113_6.0_0.0.mxl,Debussy,Debussy_113_6.0_0.0,37,,,,note,G3,G,G,0,3,55,7,0.125,36.5
484,data\scores\Debussy\Debussy_113_6.0_0.0.mxl,Debussy,Debussy_113_6.0_0.0,37,,,,note,Bb3,Bb,B,-1,3,58,10,0.125,36.5
485,data\scores\Debussy\Debussy_113_6.0_0.0.mxl,Debussy,Debussy_113_6.0_0.0,37,,,,note,Eb4,Eb,E,-1,4,63,3,0.125,36.75
486,data\scores\Debussy\Debussy_113_6.0_0.0.mxl,Debussy,Debussy_113_6.0_0.0,38,,,,note,Cb5,Cb,C,-1,5,83,11,0.5,37.0
487,data\scores\Debussy\Debussy_113_6.0_0.0.mxl,Debussy,Debussy_113_6.0_0.0,38,,,,note,Eb5,Eb,E,-1,5,75,3,0.5,37.0
488,data\scores\Debussy\Debussy_113_6.0_0.0.mxl,Debussy,Debussy_113_6.0_0.0,38,,,,note,Bb5,Bb,B,-1,5,82,10,0.0625,37.0
489,data\scores\Debussy\Debussy_113_6.0_0.0.mxl,Debussy,Debussy_113_6.0_0.0,38,,,,note,Ab5,Ab,A,-1,5,80,8,0.125,37.125
490,data\scores\Debussy\Debussy_113_6.0_0.0.mxl,Debussy,Debussy_113_6.0_0.0,38,,,,note,Bb5,Bb,B,-1,5,82,10,0.0625,37.375
491,data\scores\Debussy\Debussy_113_6.0_0.0.mxl,Debussy,Debussy_113_6.0_0.0,38,,,,note,F5,F,F,0,5,77,5,0.125,37.5
492,data\scores\Debussy\Debussy_113_6.0_0.0.mxl,Debussy,Debussy_113_6.0_0.0,38,,,,note,Bb5,Bb,B,-1,5,82,10,0.125,37.75
493,data\scores\Debussy\Debussy_113_6.0_0.0.mxl,Debussy,Debussy_113_6.0_0.0,38,,,,note,Cb4,Cb,C,-1,4,71,11,0.5,37.0
494,data\scores\Debussy\Debussy_113_6.0_0.0.mxl,Debussy,Debussy_113_6.0_0.0,38,,,,note,Eb4,Eb,E,-1,4,63,3,0.5,37.0
495,data\scores\Debussy\Debussy_113_6.0_0.0.mxl,Debussy,Debussy_113_6.0_0.0,38,,,,note,Bb4,Bb,B,-1,4,70,10,0.0625,37.0
496,data\scores\Debussy\Debussy_113_6.0_0.0.mxl,Debussy,Debussy_113_6.0_0.0,38,,,,note,Ab4,Ab,A,-1,4,68,8,0.125,37.125
497,data\scores\Debussy\Debussy_113_6.0_0.0.mxl,Debussy,Debussy_113_6.0_0.0,38,,,,note,Bb4,Bb,B,-1,4,70,10,0.0625,37.375
498,data\scores\Debussy\Debussy_113_6.0_0.0.mxl,Debussy,Debussy_113_6.0_0.0,38,,,,note,F4,F,F,0,4,65,5,0.125,37.5
499,data\scores\Debussy\Debussy_113_6.0_0.0.mxl,Debussy,Debussy_113_6.0_0.0,38,,,,note,Bb4,Bb,B,-1,4,70,10,0.125,37.75
500,data\scores\Debussy\Debussy_113_6.0_0.0.mxl,Debussy,Debussy_113_6.0_0.0,39,,,,note,Cb5,Cb,C,-1,5,83,11,0.25,38.0
501,data\scores\Debussy\Debussy_113_6.0_0.0.mxl,Debussy,Debussy_113_6.0_0.0,39,,,,note,Eb5,Eb,E,-1,5,75,3,0.25,38.0
502,data\scores\Debussy\Debussy_113_6.0_0.0.mxl,Debussy,Debussy_113_6.0_0.0,39,,,,rest,,,,,,,,0.25,38.5
503,data\scores\Debussy\Debussy_113_6.0_0.0.mxl,Debussy,Debussy_113_6.0_0.0,39,,,,note,Ab5,Ab,A,-1,5,80,8,0.0625,38.0
504,data\scores\Debussy\Debussy_113_6.0_0.0.mxl,Debussy,Debussy_113_6.0_0.0,39,,,,note,F5,F,F,0,5,77,5,0.125,38.125
505,data\scores\Debussy\Debussy_113_6.0_0.0.mxl,Debussy,Debussy_113_6.0_0.0,39,,,,note,Eb5,Eb,E,-1,5,75,3,0.0625,38.375
506,data\scores\Debussy\Debussy_113_6.0_0.0.mxl,Debussy,Debussy_113_6.0_0.0,39,,,,note,Cb5,Cb,C,-1,5,83,11,0.25,38.5
507,data\scores\Debussy\Debussy_113_6.0_0.0.mxl,Debussy,Debussy_113_6.0_0.0,39,,,,note,Cb4,Cb,C,-1,4,71,11,0.25,38.0
508,data\scores\Debussy\Debussy_113_6.0_0.0.mxl,Debussy,Debussy_113_6.0_0.0,39,,,,note,Eb4,Eb,E,-1,4,63,3,0.25,38.0
509,data\scores\Debussy\Debussy_113_6.0_0.0.mxl,Debussy,Debussy_113_6.0_0.0,39,,,,rest,,,,,,,,0.25,38.5
510,data\scores\Debussy\Debussy_113_6.0_0.0.mxl,Debussy,Debussy_113_6.0_0.0,39,,,,note,Ab4,Ab,A,-1,4,68,8,0.0625,38.0
511,data\scores\Debussy\Debussy_113_6.0_0.0.mxl,Debussy,Debussy_113_6.0_0.0,39,,,,note,F4,F,F,0,4,65,5,0.125,38.125
512,data\scores\Debussy\Debussy_113_6.0_0.0.mxl,Debussy,Debussy_113_6.0_0.0,39,,,,note,Eb4,Eb,E,-1,4,63,3,0.0625,38.375
513,data\scores\Debussy\Debussy_113_6.0_0.0.mxl,Debussy,Debussy_113_6.0_0.0,39,,,,note,Cb4,Cb,C,-1,4,71,11,0.25,38.5
514,data\scores\Debussy\Debussy_113_6.0_0.0.mxl,Debussy,Debussy_113_6.0_0.0,40,,,,rest,,,,,,,,0.0625,39.0
515,data\scores\Debussy\Debussy_113_6.0_0.0.mxl,Debussy,Debussy_113_6.0_0.0,40,,,,note,Ab4,Ab,A,-1,4,68,8,0.0625,39.125
516,data\scores\Debussy\Debussy_113_6.0_0.0.mxl,Debussy,Debussy_113_6.0_0.0,40,,,,note,F4,F,F,0,4,65,5,0.0625,39.25
517,data\scores\Debussy\Debussy_113_6.0_0.0.mxl,Debussy,Debussy_113_6.0_0.0,40,,,,note,Eb4,Eb,E,-1,4,63,3,0.0625,39.375
518,data\scores\Debussy\Debussy_113_6.0_0.0.mxl,Debussy,Debussy_113_6.0_0.0,40,,,,note,Cb4,Cb,C,-1,4,71,11,0.125,39.5
519,data\scores\Debussy\Debussy_113_6.0_0.0.mxl,Debussy,Debussy_113_6.0_0.0,40,,,,note,D3,D,D,0,3,50,2,0.125,39.75
520,data\scores\Debussy\Debussy_113_6.0_0.0.mxl,Debussy,Debussy_113_6.0_0.0,40,,,,note,G3,G,G,0,3,55,7,0.125,39.75
521,data\scores\Debussy\Debussy_113_6.0_0.0.mxl,Debussy,Debussy_113_6.0_0.0,40,,,,rest,,,,,,,,0.0625,39.0
522,data\scores\Debussy\Debussy_113_6.0_0.0.mxl,Debussy,Debussy_113_6.0_0.0,40,,,,note,Ab3,Ab,A,-1,3,56,8,0.0625,39.125
523,data\scores\Debussy\Debussy_113_6.0_0.0.mxl,Debussy,Debussy_113_6.0_0.0,40,,,,note,F3,F,F,0,3,53,5,0.0625,39.25
524,data\scores\Debussy\Debussy_113_6.0_0.0.mxl,Debussy,Debussy_113_6.0_0.0,40,,,,note,Eb3,Eb,E,-1,3,51,3,0.0625,39.375
525,data\scores\Debussy\Debussy_113_6.0_0.0.mxl,Debussy,Debussy_113_6.0_0.0,40,,,,note,Cb3,Cb,C,-1,3,59,11,0.125,39.5
526,data\scores\Debussy\Debussy_113_6.0_0.0.mxl,Debussy,Debussy_113_6.0_0.0,40,,,,note,Bb1,Bb,B,-1,1,34,10,0.125,39.75
527,data\scores\Debussy\Debussy_113_6.0_0.0.mxl,Debussy,Debussy_113_6.0_0.0,40,,,,note,Bb2,Bb,B,-1,2,46,10,0.125,39.75
528,data\scores\Debussy\Debussy_113_6.0_0.0.mxl,Debussy,Debussy_113_6.0_0.0,41,,,,rest,,,,,,,,0.125,40.0
529,data\scores\Debussy\Debussy_113_6.0_0.0.mxl,Debussy,Debussy_113_6.0_0.0,41,,,,note,Eb3,Eb,E,-1,3,51,3,0.125,40.25
530,data\scores\Debussy\Debussy_113_6.0_0.0.mxl,Debussy,Debussy_113_6.0_0.0,41,,,,note,Bb3,Bb,B,-1,3,58,10,0.125,40.25
531,data\scores\Debussy\Debussy_113_6.0_0.0.mxl,Debussy,Debussy_113_6.0_0.0,41,,,,rest,,,,,,,,0.125,40.5
532,data\scores\Debussy\Debussy_113_6.0_0.0.mxl,Debussy,Debussy_113_6.0_0.0,41,,,,note,Eb3,Eb,E,-1,3,51,3,0.125,40.75
533,data\scores\Debussy\Debussy_113_6.0_0.0.mxl,Debussy,Debussy_113_6.0_0.0,41,,,,note,Bb3,Bb,B,-1,3,58,10,0.125,40.75
534,data\scores\Debussy\Debussy_113_6.0_0.0.mxl,Debussy,Debussy_113_6.0_0.0,41,,,,rest,,,,,,,,0.125,40.0
535,data\scores\Debussy\Debussy_113_6.0_0.0.mxl,Debussy,Debussy_113_6.0_0.0,41,,,,note,F3,F,F,0,3,53,5,0.125,40.25
536,data\scores\Debussy\Debussy_113_6.0_0.0.mxl,Debussy,Debussy_113_6.0_0.0,41,,,,note,G3,G,G,0,3,55,7,0.125,40.25
537,data\scores\Debussy\Debussy_113_6.0_0.0.mxl,Debussy,Debussy_113_6.0_0.0,41,,,,note,Eb2,Eb,E,-1,2,39,3,0.125,40.5
538,data\scores\Debussy\Debussy_113_6.0_0.0.mxl,Debussy,Debussy_113_6.0_0.0,41,,,,note,Bb2,Bb,B,-1,2,46,10,0.125,40.5
539,data\scores\Debussy\Debussy_113_6.0_0.0.mxl,Debussy,Debussy_113_6.0_0.0,41,,,,note,F3,F,F,0,3,53,5,0.125,40.75
540,data\scores\Debussy\Debussy_113_6.0_0.0.mxl,Debussy,Debussy_113_6.0_0.0,41,,,,note,G3,G,G,0,3,55,7,0.125,40.75
541,data\scores\Debussy\Debussy_113_6.0_0.0.mxl,Debussy,Debussy_113_6.0_0.0,42,,,,rest,,,,,,,,0.25,41.0
542,data\scores\Debussy\Debussy_113_6.0_0.0.mxl,Debussy,Debussy_113_6.0_0.0,42,,,,note,Eb2,Eb,E,-1,2,39,3,0.25,41.0
543,data\scores\Debussy\Debussy_113_6.0_0.0.mxl,Debussy,Debussy_113_6.0_0.0,42,,,,note,Bb2,Bb,B,-1,2,46,10,0.25,41.0
544,data\scores\Debussy\Debussy_113_6.0_0.0.mxl,Debussy,Debussy_113_6.0_0.0,42,,,,rest,,,,,,,,0.25,41.5
545,data\scores\Debussy\Debussy_113_6.0_0.0.mxl,Debussy,Debussy_113_6.0_0.0,43,,,,rest,,,,,,,,0.125,42.0
546,data\scores\Debussy\Debussy_113_6.0_0.0.mxl,Debussy,Debussy_113_6.0_0.0,43,,,,note,Eb3,Eb,E,-1,3,51,3,0.125,42.25
547,data\scores\Debussy\Debussy_113_6.0_0.0.mxl,Debussy,Debussy_113_6.0_0.0,43,,,,note,Bb3,Bb,B,-1,3,58,10,0.125,42.25
548,data\scores\Debussy\Debussy_113_6.0_0.0.mxl,Debussy,Debussy_113_6.0_0.0,43,,,,rest,,,,,,,,0.125,42.5
549,data\scores\Debussy\Debussy_113_6.0_0.0.mxl,Debussy,Debussy_113_6.0_0.0,43,,,,note,Eb3,Eb,E,-1,3,51,3,0.125,42.75
550,data\scores\Debussy\Debussy_113_6.0_0.0.mxl,Debussy,Debussy_113_6.0_0.0,43,,,,note,Bb3,Bb,B,-1,3,58,10,0.125,42.75
551,data\scores\Debussy\Debussy_113_6.0_0.0.mxl,Debussy,Debussy_113_6.0_0.0,43,,,,rest,,,,,,,,0.125,42.0
552,data\scores\Debussy\Debussy_113_6.0_0.0.mxl,Debussy,Debussy_113_6.0_0.0,43,,,,note,F3,F,F,0,3,53,5,0.125,42.25
553,data\scores\Debussy\Debussy_113_6.0_0.0.mxl,Debussy,Debussy_113_6.0_0.0,43,,,,note,G3,G,G,0,3,55,7,0.125,42.25
554,data\scores\Debussy\Debussy_113_6.0_0.0.mxl,Debussy,Debussy_113_6.0_0.0,43,,,,note,Eb2,Eb,E,-1,2,39,3,0.125,42.5
555,data\scores\Debussy\Debussy_113_6.0_0.0.mxl,Debussy,Debussy_113_6.0_0.0,43,,,,note,Bb2,Bb,B,-1,2,46,10,0.125,42.5
556,data\scores\Debussy\Debussy_113_6.0_0.0.mxl,Debussy,Debussy_113_6.0_0.0,43,,,,note,F3,F,F,0,3,53,5,0.125,42.75
557,data\scores\Debussy\Debussy_113_6.0_0.0.mxl,Debussy,Debussy_113_6.0_0.0,43,,,,note,G3,G,G,0,3,55,7,0.125,42.75
558,data\scores\Debussy\Debussy_113_6.0_0.0.mxl,Debussy,Debussy_113_6.0_0.0,44,,,,rest,,,,,,,,0.25,43.0
559,data\scores\Debussy\Debussy_113_6.0_0.0.mxl,Debussy,Debussy_113_6.0_0.0,44,,,,note,Eb2,Eb,E,-1,2,39,3,0.25,43.0
560,data\scores\Debussy\Debussy_113_6.0_0.0.mxl,Debussy,Debussy_113_6.0_0.0,44,,,,note,Bb2,Bb,B,-1,2,46,10,0.25,43.0
561,data\scores\Debussy\Debussy_113_6.0_0.0.mxl,Debussy,Debussy_113_6.0_0.0,44,,,,rest,,,,,,,,0.25,43.5
562,data\scores\Debussy\Debussy_113_6.0_0.0.mxl,Debussy,Debussy_113_6.0_0.0,45,,,,rest,,,,,,,,0.125,44.0
563,data\scores\Debussy\Debussy_113_6.0_0.0.mxl,Debussy,Debussy_113_6.0_0.0,45,,,,note,Eb3,Eb,E,-1,3,51,3,0.125,44.25
564,data\scores\Debussy\Debussy_113_6.0_0.0.mxl,Debussy,Debussy_113_6.0_0.0,45,,,,note,Bb3,Bb,B,-1,3,58,10,0.125,44.25
565,data\scores\Debussy\Debussy_113_6.0_0.0.mxl,Debussy,Debussy_113_6.0_0.0,45,,,,rest,,,,,,,,0.125,44.5
566,data\scores\Debussy\Debussy_113_6.0_0.0.mxl,Debussy,Debussy_113_6.0_0.0,45,,,,note,Eb3,Eb,E,-1,3,51,3,0.125,44.75
567,data\scores\Debussy\Debussy_113_6.0_0.0.mxl,Debussy,Debussy_113_6.0_0.0,45,,,,note,Bb3,Bb,B,-1,3,58,10,0.125,44.75
568,data\scores\Debussy\Debussy_113_6.0_0.0.mxl,Debussy,Debussy_113_6.0_0.0,45,,,,rest,,,,,,,,0.125,44.0
569,data\scores\Debussy\Debussy_113_6.0_0.0.mxl,Debussy,Debussy_113_6.0_0.0,45,,,,note,F3,F,F,0,3,53,5,0.125,44.25
570,data\scores\Debussy\Debussy_113_6.0_0.0.mxl,Debussy,Debussy_113_6.0_0.0,45,,,,note,G3,G,G,0,3,55,7,0.125,44.25
571,data\scores\Debussy\Debussy_113_6.0_0.0.mxl,Debussy,Debussy_113_6.0_0.0,45,,,,note,Eb2,Eb,E,-1,2,39,3,0.125,44.5
572,data\scores\Debussy\Debussy_113_6.0_0.0.mxl,Debussy,Debussy_113_6.0_0.0,45,,,,note,Bb2,Bb,B,-1,2,46,10,0.125,44.5
573,data\scores\Debussy\Debussy_113_6.0_0.0.mxl,Debussy,Debussy_113_6.0_0.0,45,,,,note,F3,F,F,0,3,53,5,0.125,44.75
574,data\scores\Debussy\Debussy_113_6.0_0.0.mxl,Debussy,Debussy_113_6.0_0.0,45,,,,note,G3,G,G,0,3,55,7,0.125,44.75
575,data\scores\Debussy\Debussy_113_6.0_0.0.mxl,Debussy,Debussy_113_6.0_0.0,46,,,,rest,,,,,,,,0.25,45.0
576,data\scores\Debussy\Debussy_113_6.0_0.0.mxl,Debussy,Debussy_113_6.0_0.0,46,,,,note,Eb2,Eb,E,-1,2,39,3,0.25,45.0
577,data\scores\Debussy\Debussy_113_6.0_0.0.mxl,Debussy,Debussy_113_6.0_0.0,46,,,,note,F2,F,F,0,2,41,5,0.25,45.5
578,data\scores\Debussy\Debussy_113_6.0_0.0.mxl,Debussy,Debussy_113_6.0_0.0,47,-6,major,46.0,rest,,,,,,,,0.125,46.0
579,data\scores\Debussy\Debussy_113_6.0_0.0.mxl,Debussy,Debussy_113_6.0_0.0,47,-6,major,46.0,note,A3,A,A,0,3,57,9,0.0,0
580,data\scores\Debussy\Debussy_113_6.0_0.0.mxl,Debussy,Debussy_113_6.0_0.0,47,-6,major,46.0,note,Bb3,Bb,B,-1,3,58,10,0.125,46.25
581,data\scores\Debussy\Debussy_113_6.0_0.0.mxl,Debussy,Debussy_113_6.0_0.0,47,-6,major,46.0,note,Db4,Db,D,-1,4,61,1,0.125,46.25
582,data\scores\Debussy\Debussy_113_6.0_0.0.mxl,Debussy,Debussy_113_6.0_0.0,47,-6,major,46.0,rest,,,,,,,,0.125,46.5
583,data\scores\Debussy\Debussy_113_6.0_0.0.mxl,Debussy,Debussy_113_6.0_0.0,47,-6,major,46.0,note,A3,A,A,0,3,57,9,0.0,0
584,data\scores\Debussy\Debussy_113_6.0_0.0.mxl,Debussy,Debussy_113_6.0_0.0,47,-6,major,46.0,note,Bb3,Bb,B,-1,3,58,10,0.125,46.75
585,data\scores\Debussy\Debussy_113_6.0_0.0.mxl,Debussy,Debussy_113_6.0_0.0,47,-6,major,46.0,note,Db4,Db,D,-1,4,61,1,0.125,46.75
586,data\scores\Debussy\Debussy_113_6.0_0.0.mxl,Debussy,Debussy_113_6.0_0.0,47,-6,major,46.0,note,Gb2,Gb,G,-1,2,42,6,0.125,46.0
587,data\scores\Debussy\Debussy_113_6.0_0.0.mxl,Debussy,Debussy_113_6.0_0.0,47,-6,major,46.0,rest,,,,,,,,0.125,46.25
588,data\scores\Debussy\Debussy_113_6.0_0.0.mxl,Debussy,Debussy_113_6.0_0.0,47,-6,major,46.0,note,Gb2,Gb,G,-1,2,42,6,0.125,46.5
589,data\scores\Debussy\Debussy_113_6.0_0.0.mxl,Debussy,Debussy_113_6.0_0.0,47,-6,major,46.0,rest,,,,,,,,0.125,46.75
590,data\scores\Debussy\Debussy_113_6.0_0.0.mxl,Debussy,Debussy_113_6.0_0.0,47,-6,major,46.0,note,Db3,Db,D,-1,3,49,1,0.5,46.0
591,data\scores\Debussy\Debussy_113_6.0_0.0.mxl,Debussy,Debussy_113_6.0_0.0,48,,,,rest,,,,,,,,0.125,47.0
592,data\scores\Debussy\Debussy_113_6.0_0.0.mxl,Debussy,Debussy_113_6.0_0.0,48,,,,note,G3,G,G,0,3,55,7,0.0,0
593,data\scores\Debussy\Debussy_113_6.0_0.0.mxl,Debussy,Debussy_113_6.0_0.0,48,,,,note,Ab3,Ab,A,-1,3,56,8,0.125,47.25
594,data\scores\Debussy\Debussy_113_6.0_0.0.mxl,Debussy,Debussy_113_6.0_0.0,48,,,,note,Cb4,Cb,C,-1,4,71,11,0.125,47.25
595,data\scores\Debussy\Debussy_113_6.0_0.0.mxl,Debussy,Debussy_113_6.0_0.0,48,,,,rest,,,,,,,,0.125,47.5
596,data\scores\Debussy\Debussy_113_6.0_0.0.mxl,Debussy,Debussy_113_6.0_0.0,48,,,,note,Ab3,Ab,A,-1,3,56,8,0.0,0
597,data\scores\Debussy\Debussy_113_6.0_0.0.mxl,Debussy,Debussy_113_6.0_0.0,48,,,,note,A3,A,A,0,3,57,9,0.125,47.75
598,data\scores\Debussy\Debussy_113_6.0_0.0.mxl,Debussy,Debussy_113_6.0_0.0,48,,,,note,C4,C,C,0,4,60,0,0.125,47.75
599,data\scores\Debussy\Debussy_113_6.0_0.0.mxl,Debussy,Debussy_113_6.0_0.0,48,,,,note,F4,F,F,0,4,65,5,0.125,47.75
600,data\scores\Debussy\Debussy_113_6.0_0.0.mxl,Debussy,Debussy_113_6.0_0.0,48,,,,note,Gb2,Gb,G,-1,2,42,6,0.125,47.0
601,data\scores\Debussy\Debussy_113_6.0_0.0.mxl,Debussy,Debussy_113_6.0_0.0,48,,,,rest,,,,,,,,0.125,47.25
602,data\scores\Debussy\Debussy_113_6.0_0.0.mxl,Debussy,Debussy_113_6.0_0.0,48,,,,note,Gb2,Gb,G,-1,2,42,6,0.125,47.5
603,data\scores\Debussy\Debussy_113_6.0_0.0.mxl,Debussy,Debussy_113_6.0_0.0,48,,,,rest,,,,,,,,0.125,47.75
604,data\scores\Debussy\Debussy_113_6.0_0.0.mxl,Debussy,Debussy_113_6.0_0.0,48,,,,note,Db3,Db,D,-1,3,49,1,0.5,47.0
605,data\scores\Debussy\Debussy_113_6.0_0.0.mxl,Debussy,Debussy_113_6.0_0.0,49,,,,rest,,,,,,,,0.125,48.0
606,data\scores\Debussy\Debussy_113_6.0_0.0.mxl,Debussy,Debussy_113_6.0_0.0,49,,,,note,A3,A,A,0,3,57,9,0.0,0
607,data\scores\Debussy\Debussy_113_6.0_0.0.mxl,Debussy,Debussy_113_6.0_0.0,49,,,,note,Bb3,Bb,B,-1,3,58,10,0.125,48.25
608,data\scores\Debussy\Debussy_113_6.0_0.0.mxl,Debussy,Debussy_113_6.0_0.0,49,,,,note,Db4,Db,D,-1,4,61,1,0.125,48.25
609,data\scores\Debussy\Debussy_113_6.0_0.0.mxl,Debussy,Debussy_113_6.0_0.0,49,,,,rest,,,,,,,,0.125,48.5
610,data\scores\Debussy\Debussy_113_6.0_0.0.mxl,Debussy,Debussy_113_6.0_0.0,49,,,,note,A3,A,A,0,3,57,9,0.0,0
611,data\scores\Debussy\Debussy_113_6.0_0.0.mxl,Debussy,Debussy_113_6.0_0.0,49,,,,note,Bb3,Bb,B,-1,3,58,10,0.125,48.75
612,data\scores\Debussy\Debussy_113_6.0_0.0.mxl,Debussy,Debussy_113_6.0_0.0,49,,,,note,Db4,Db,D,-1,4,61,1,0.125,48.75
613,data\scores\Debussy\Debussy_113_6.0_0.0.mxl,Debussy,Debussy_113_6.0_0.0,49,,,,note,Gb2,Gb,G,-1,2,42,6,0.125,48.0
614,data\scores\Debussy\Debussy_113_6.0_0.0.mxl,Debussy,Debussy_113_6.0_0.0,49,,,,rest,,,,,,,,0.125,48.25
615,data\scores\Debussy\Debussy_113_6.0_0.0.mxl,Debussy,Debussy_113_6.0_0.0,49,,,,note,Gb2,Gb,G,-1,2,42,6,0.125,48.5
616,data\scores\Debussy\Debussy_113_6.0_0.0.mxl,Debussy,Debussy_113_6.0_0.0,49,,,,rest,,,,,,,,0.125,48.75
617,data\scores\Debussy\Debussy_113_6.0_0.0.mxl,Debussy,Debussy_113_6.0_0.0,49,,,,note,Eb3,Eb,E,-1,3,51,3,0.0,0
618,data\scores\Debussy\Debussy_113_6.0_0.0.mxl,Debussy,Debussy_113_6.0_0.0,49,,,,note,Db3,Db,D,-1,3,49,1,0.5,48.0
619,data\scores\Debussy\Debussy_113_6.0_0.0.mxl,Debussy,Debussy_113_6.0_0.0,50,,,,rest,,,,,,,,0.125,49.0
620,data\scores\Debussy\Debussy_113_6.0_0.0.mxl,Debussy,Debussy_113_6.0_0.0,50,,,,note,G3,G,G,0,3,55,7,0.0,0
621,data\scores\Debussy\Debussy_113_6.0_0.0.mxl,Debussy,Debussy_113_6.0_0.0,50,,,,note,Ab3,Ab,A,-1,3,56,8,0.125,49.25
622,data\scores\Debussy\Debussy_113_6.0_0.0.mxl,Debussy,Debussy_113_6.0_0.0,50,,,,note,Cb4,Cb,C,-1,4,71,11,0.125,49.25
623,data\scores\Debussy\Debussy_113_6.0_0.0.mxl,Debussy,Debussy_113_6.0_0.0,50,,,,rest,,,,,,,,0.125,49.5
624,data\scores\Debussy\Debussy_113_6.0_0.0.mxl,Debussy,Debussy_113_6.0_0.0,50,,,,note,Ab3,Ab,A,-1,3,56,8,0.0,0
625,data\scores\Debussy\Debussy_113_6.0_0.0.mxl,Debussy,Debussy_113_6.0_0.0,50,,,,note,A3,A,A,0,3,57,9,0.125,49.75
626,data\scores\Debussy\Debussy_113_6.0_0.0.mxl,Debussy,Debussy_113_6.0_0.0,50,,,,note,C4,C,C,0,4,60,0,0.125,49.75
627,data\scores\Debussy\Debussy_113_6.0_0.0.mxl,Debussy,Debussy_113_6.0_0.0,50,,,,note,F4,F,F,0,4,65,5,0.125,49.75
628,data\scores\Debussy\Debussy_113_6.0_0.0.mxl,Debussy,Debussy_113_6.0_0.0,50,,,,note,Gb2,Gb,G,-1,2,42,6,0.125,49.0
629,data\scores\Debussy\Debussy_113_6.0_0.0.mxl,Debussy,Debussy_113_6.0_0.0,50,,,,rest,,,,,,,,0.125,49.25
630,data\scores\Debussy\Debussy_113_6.0_0.0.mxl,Debussy,Debussy_113_6.0_0.0,50,,,,note,Gb2,Gb,G,-1,2,42,6,0.125,49.5
631,data\scores\Debussy\Debussy_113_6.0_0.0.mxl,Debussy,Debussy_113_6.0_0.0,50,,,,rest,,,,,,,,0.125,49.75
632,data\scores\Debussy\Debussy_113_6.0_0.0.mxl,Debussy,Debussy_113_6.0_0.0,50,,,,note,Db3,Db,D,-1,3,49,1,0.5,49.0
633,data\scores\Debussy\Debussy_113_6.0_0.0.mxl,Debussy,Debussy_113_6.0_0.0,51,,,,rest,,,,,,,,0.125,50.0
634,data\scores\Debussy\Debussy_113_6.0_0.0.mxl,Debussy,Debussy_113_6.0_0.0,51,,,,note,A3,A,A,0,3,57,9,0.0,0
635,data\scores\Debussy\Debussy_113_6.0_0.0.mxl,Debussy,Debussy_113_6.0_0.0,51,,,,note,Bb3,Bb,B,-1,3,58,10,0.125,50.25
636,data\scores\Debussy\Debussy_113_6.0_0.0.mxl,Debussy,Debussy_113_6.0_0.0,51,,,,note,Db4,Db,D,-1,4,61,1,0.125,50.25
637,data\scores\Debussy\Debussy_113_6.0_0.0.mxl,Debussy,Debussy_113_6.0_0.0,51,,,,rest,,,,,,,,0.25,50.5
638,data\scores\Debussy\Debussy_113_6.0_0.0.mxl,Debussy,Debussy_113_6.0_0.0,51,,,,rest,,,,,,,,0.125,50.0
639,data\scores\Debussy\Debussy_113_6.0_0.0.mxl,Debussy,Debussy_113_6.0_0.0,51,,,,note,Gb2,Gb,G,-1,2,42,6,0.125,50.25
640,data\scores\Debussy\Debussy_113_6.0_0.0.mxl,Debussy,Debussy_113_6.0_0.0,51,,,,note,F2,F,F,0,2,41,5,0.125,50.5
641,data\scores\Debussy\Debussy_113_6.0_0.0.mxl,Debussy,Debussy_113_6.0_0.0,51,,,,note,Eb2,Eb,E,-1,2,39,3,0.125,50.75
642,data\scores\Debussy\Debussy_113_6.0_0.0.mxl,Debussy,Debussy_113_6.0_0.0,51,,,,note,Db3,Db,D,-1,3,49,1,0.5,50.0
643,data\scores\Debussy\Debussy_113_6.0_0.0.mxl,Debussy,Debussy_113_6.0_0.0,52,,,,rest,,,,,,,,0.25,51.0
644,data\scores\Debussy\Debussy_113_6.0_0.0.mxl,Debussy,Debussy_113_6.0_0.0,52,,,,note,A3,A,A,0,3,57,9,0.0,0
645,data\scores\Debussy\Debussy_113_6.0_0.0.mxl,Debussy,Debussy_113_6.0_0.0,52,,,,note,Bb3,Bb,B,-1,3,58,10,0.125,51.5
646,data\scores\Debussy\Debussy_113_6.0_0.0.mxl,Debussy,Debussy_113_6.0_0.0,52,,,,note,Db4,Db,D,-1,4,61,1,0.125,51.5
647,data\scores\Debussy\Debussy_113_6.0_0.0.mxl,Debussy,Debussy_113_6.0_0.0,52,,,,rest,,,,,,,,0.125,51.75
648,data\scores\Debussy\Debussy_113_6.0_0.0.mxl,Debussy,Debussy_113_6.0_0.0,52,,,,note,Db2,Db,D,-1,2,37,1,0.25,51.0
649,data\scores\Debussy\Debussy_113_6.0_0.0.mxl,Debussy,Debussy_113_6.0_0.0,52,,,,rest,,,,,,,,0.25,51.5
650,data\scores\Debussy\Debussy_113_6.0_0.0.mxl,Debussy,Debussy_113_6.0_0.0,52,,,,note,Db3,Db,D,-1,3,49,1,0.5,51.0
651,data\scores\Debussy\Debussy_113_6.0_0.0.mxl,Debussy,Debussy_113_6.0_0.0,53,,,,rest,,,,,,,,0.25,52.0
652,data\scores\Debussy\Debussy_113_6.0_0.0.mxl,Debussy,Debussy_113_6.0_0.0,53,,,,rest,,,,,,,,0.125,52.0
653,data\scores\Debussy\Debussy_113_6.0_0.0.mxl,Debussy,Debussy_113_6.0_0.0,53,,,,note,Gb2,Gb,G,-1,2,42,6,0.125,52.25
654,data\scores\Debussy\Debussy_113_6.0_0.0.mxl,Debussy,Debussy_113_6.0_0.0,53,,,,note,F2,F,F,0,2,41,5,0.125,52.5
655,data\scores\Debussy\Debussy_113_6.0_0.0.mxl,Debussy,Debussy_113_6.0_0.0,53,,,,note,Eb2,Eb,E,-1,2,39,3,0.125,52.75
656,data\scores\Debussy\Debussy_113_6.0_0.0.mxl,Debussy,Debussy_113_6.0_0.0,54,,,,rest,,,,,,,,0.25,53.0
657,data\scores\Debussy\Debussy_113_6.0_0.0.mxl,Debussy,Debussy_113_6.0_0.0,54,,,,note,C3,C,C,0,3,48,0,0.0,0
658,data\scores\Debussy\Debussy_113_6.0_0.0.mxl,Debussy,Debussy_113_6.0_0.0,54,,,,note,Cb3,Cb,C,-1,3,59,11,0.125,53.5
659,data\scores\Debussy\Debussy_113_6.0_0.0.mxl,Debussy,Debussy_113_6.0_0.0,54,,,,note,Db3,Db,D,-1,3,49,1,0.125,53.5
660,data\scores\Debussy\Debussy_113_6.0_0.0.mxl,Debussy,Debussy_113_6.0_0.0,54,,,,rest,,,,,,,,0.125,53.75
661,data\scores\Debussy\Debussy_113_6.0_0.0.mxl,Debussy,Debussy_113_6.0_0.0,54,,,,note,Db2,Db,D,-1,2,37,1,0.125,53.0
662,data\scores\Debussy\Debussy_113_6.0_0.0.mxl,Debussy,Debussy_113_6.0_0.0,54,,,,note,Cb2,Cb,C,-1,2,47,11,0.125,53.25
663,data\scores\Debussy\Debussy_113_6.0_0.0.mxl,Debussy,Debussy_113_6.0_0.0,54,,,,note,Bb1,Bb,B,-1,1,34,10,0.125,53.5
664,data\scores\Debussy\Debussy_113_6.0_0.0.mxl,Debussy,Debussy_113_6.0_0.0,54,,,,note,Ab1,Ab,A,-1,1,32,8,0.125,53.75
665,data\scores\Debussy\Debussy_113_6.0_0.0.mxl,Debussy,Debussy_113_6.0_0.0,55,,,,rest,,,,,,,,0.125,54.0
666,data\scores\Debussy\Debussy_113_6.0_0.0.mxl,Debussy,Debussy_113_6.0_0.0,55,,,,note,A3,A,A,0,3,57,9,0.0,0
667,data\scores\Debussy\Debussy_113_6.0_0.0.mxl,Debussy,Debussy_113_6.0_0.0,55,,,,note,Bb3,Bb,B,-1,3,58,10,0.125,54.25
668,data\scores\Debussy\Debussy_113_6.0_0.0.mxl,Debussy,Debussy_113_6.0_0.0,55,,,,note,Db4,Db,D,-1,4,61,1,0.125,54.25
669,data\scores\Debussy\Debussy_113_6.0_0.0.mxl,Debussy,Debussy_113_6.0_0.0,55,,,,rest,,,,,,,,0.125,54.5
670,data\scores\Debussy\Debussy_113_6.0_0.0.mxl,Debussy,Debussy_113_6.0_0.0,55,,,,note,A3,A,A,0,3,57,9,0.0,0
671,data\scores\Debussy\Debussy_113_6.0_0.0.mxl,Debussy,Debussy_113_6.0_0.0,55,,,,note,Bb3,Bb,B,-1,3,58,10,0.125,54.75
672,data\scores\Debussy\Debussy_113_6.0_0.0.mxl,Debussy,Debussy_113_6.0_0.0,55,,,,note,Db4,Db,D,-1,4,61,1,0.125,54.75
673,data\scores\Debussy\Debussy_113_6.0_0.0.mxl,Debussy,Debussy_113_6.0_0.0,55,,,,note,Gb2,Gb,G,-1,2,42,6,0.125,54.0
674,data\scores\Debussy\Debussy_113_6.0_0.0.mxl,Debussy,Debussy_113_6.0_0.0,55,,,,rest,,,,,,,,0.125,54.25
675,data\scores\Debussy\Debussy_113_6.0_0.0.mxl,Debussy,Debussy_113_6.0_0.0,55,,,,note,Gb2,Gb,G,-1,2,42,6,0.125,54.5
676,data\scores\Debussy\Debussy_113_6.0_0.0.mxl,Debussy,Debussy_113_6.0_0.0,55,,,,rest,,,,,,,,0.125,54.75
677,data\scores\Debussy\Debussy_113_6.0_0.0.mxl,Debussy,Debussy_113_6.0_0.0,55,,,,note,Db3,Db,D,-1,3,49,1,0.5,54.0
678,data\scores\Debussy\Debussy_113_6.0_0.0.mxl,Debussy,Debussy_113_6.0_0.0,56,,,,rest,,,,,,,,0.125,55.0
679,data\scores\Debussy\Debussy_113_6.0_0.0.mxl,Debussy,Debussy_113_6.0_0.0,56,,,,note,G3,G,G,0,3,55,7,0.0,0
680,data\scores\Debussy\Debussy_113_6.0_0.0.mxl,Debussy,Debussy_113_6.0_0.0,56,,,,note,Ab3,Ab,A,-1,3,56,8,0.125,55.25
681,data\scores\Debussy\Debussy_113_6.0_0.0.mxl,Debussy,Debussy_113_6.0_0.0,56,,,,note,Cb4,Cb,C,-1,4,71,11,0.125,55.25
682,data\scores\Debussy\Debussy_113_6.0_0.0.mxl,Debussy,Debussy_113_6.0_0.0,56,,,,rest,,,,,,,,0.125,55.5
683,data\scores\Debussy\Debussy_113_6.0_0.0.mxl,Debussy,Debussy_113_6.0_0.0,56,,,,note,Ab3,Ab,A,-1,3,56,8,0.0,0
684,data\scores\Debussy\Debussy_113_6.0_0.0.mxl,Debussy,Debussy_113_6.0_0.0,56,,,,note,A3,A,A,0,3,57,9,0.125,55.75
685,data\scores\Debussy\Debussy_113_6.0_0.0.mxl,Debussy,Debussy_113_6.0_0.0,56,,,,note,C4,C,C,0,4,60,0,0.125,55.75
686,data\scores\Debussy\Debussy_113_6.0_0.0.mxl,Debussy,Debussy_113_6.0_0.0,56,,,,note,F4,F,F,0,4,65,5,0.125,55.75
687,data\scores\Debussy\Debussy_113_6.0_0.0.mxl,Debussy,Debussy_113_6.0_0.0,56,,,,note,Gb2,Gb,G,-1,2,42,6,0.125,55.0
688,data\scores\Debussy\Debussy_113_6.0_0.0.mxl,Debussy,Debussy_113_6.0_0.0,56,,,,rest,,,,,,,,0.125,55.25
689,data\scores\Debussy\Debussy_113_6.0_0.0.mxl,Debussy,Debussy_113_6.0_0.0,56,,,,note,Gb2,Gb,G,-1,2,42,6,0.125,55.5
690,data\scores\Debussy\Debussy_113_6.0_0.0.mxl,Debussy,Debussy_113_6.0_0.0,56,,,,rest,,,,,,,,0.125,55.75
691,data\scores\Debussy\Debussy_113_6.0_0.0.mxl,Debussy,Debussy_113_6.0_0.0,56,,,,note,Db3,Db,D,-1,3,49,1,0.5,55.0
692,data\scores\Debussy\Debussy_113_6.0_0.0.mxl,Debussy,Debussy_113_6.0_0.0,57,,,,rest,,,,,,,,0.125,56.0
693,data\scores\Debussy\Debussy_113_6.0_0.0.mxl,Debussy,Debussy_113_6.0_0.0,57,,,,note,A3,A,A,0,3,57,9,0.0,0
694,data\scores\Debussy\Debussy_113_6.0_0.0.mxl,Debussy,Debussy_113_6.0_0.0,57,,,,note,Bb3,Bb,B,-1,3,58,10,0.125,56.25
695,data\scores\Debussy\Debussy_113_6.0_0.0.mxl,Debussy,Debussy_113_6.0_0.0,57,,,,note,Db4,Db,D,-1,4,61,1,0.125,56.25
696,data\scores\Debussy\Debussy_113_6.0_0.0.mxl,Debussy,Debussy_113_6.0_0.0,57,,,,rest,,,,,,,,0.125,56.5
697,data\scores\Debussy\Debussy_113_6.0_0.0.mxl,Debussy,Debussy_113_6.0_0.0,57,,,,note,A3,A,A,0,3,57,9,0.0,0
698,data\scores\Debussy\Debussy_113_6.0_0.0.mxl,Debussy,Debussy_113_6.0_0.0,57,,,,note,Bb3,Bb,B,-1,3,58,10,0.125,56.75
699,data\scores\Debussy\Debussy_113_6.0_0.0.mxl,Debussy,Debussy_113_6.0_0.0,57,,,,note,Db4,Db,D,-1,4,61,1,0.125,56.75
700,data\scores\Debussy\Debussy_113_6.0_0.0.mxl,Debussy,Debussy_113_6.0_0.0,57,,,,note,Gb2,Gb,G,-1,2,42,6,0.125,56.0
701,data\scores\Debussy\Debussy_113_6.0_0.0.mxl,Debussy,Debussy_113_6.0_0.0,57,,,,rest,,,,,,,,0.125,56.25
702,data\scores\Debussy\Debussy_113_6.0_0.0.mxl,Debussy,Debussy_113_6.0_0.0,57,,,,note,Gb2,Gb,G,-1,2,42,6,0.125,56.5
703,data\scores\Debussy\Debussy_113_6.0_0.0.mxl,Debussy,Debussy_113_6.0_0.0,57,,,,rest,,,,,,,,0.125,56.75
704,data\scores\Debussy\Debussy_113_6.0_0.0.mxl,Debussy,Debussy_113_6.0_0.0,57,,,,note,Eb3,Eb,E,-1,3,51,3,0.0,0
705,data\scores\Debussy\Debussy_113_6.0_0.0.mxl,Debussy,Debussy_113_6.0_0.0,57,,,,note,Db3,Db,D,-1,3,49,1,0.5,56.0
706,data\scores\Debussy\Debussy_113_6.0_0.0.mxl,Debussy,Debussy_113_6.0_0.0,58,,,,rest,,,,,,,,0.125,57.0
707,data\scores\Debussy\Debussy_113_6.0_0.0.mxl,Debussy,Debussy_113_6.0_0.0,58,,,,note,G3,G,G,0,3,55,7,0.0,0
708,data\scores\Debussy\Debussy_113_6.0_0.0.mxl,Debussy,Debussy_113_6.0_0.0,58,,,,note,Ab3,Ab,A,-1,3,56,8,0.125,57.25
709,data\scores\Debussy\Debussy_113_6.0_0.0.mxl,Debussy,Debussy_113_6.0_0.0,58,,,,note,Cb4,Cb,C,-1,4,71,11,0.125,57.25
710,data\scores\Debussy\Debussy_113_6.0_0.0.mxl,Debussy,Debussy_113_6.0_0.0,58,,,,rest,,,,,,,,0.125,57.5
711,data\scores\Debussy\Debussy_113_6.0_0.0.mxl,Debussy,Debussy_113_6.0_0.0,58,,,,note,Ab3,Ab,A,-1,3,56,8,0.0,0
712,data\scores\Debussy\Debussy_113_6.0_0.0.mxl,Debussy,Debussy_113_6.0_0.0,58,,,,note,A3,A,A,0,3,57,9,0.125,57.75
713,data\scores\Debussy\Debussy_113_6.0_0.0.mxl,Debussy,Debussy_113_6.0_0.0,58,,,,note,C4,C,C,0,4,60,0,0.125,57.75
714,data\scores\Debussy\Debussy_113_6.0_0.0.mxl,Debussy,Debussy_113_6.0_0.0,58,,,,note,F4,F,F,0,4,65,5,0.125,57.75
715,data\scores\Debussy\Debussy_113_6.0_0.0.mxl,Debussy,Debussy_113_6.0_0.0,58,,,,note,Gb2,Gb,G,-1,2,42,6,0.125,57.0
716,data\scores\Debussy\Debussy_113_6.0_0.0.mxl,Debussy,Debussy_113_6.0_0.0,58,,,,rest,,,,,,,,0.125,57.25
717,data\scores\Debussy\Debussy_113_6.0_0.0.mxl,Debussy,Debussy_113_6.0_0.0,58,,,,note,Gb2,Gb,G,-1,2,42,6,0.125,57.5
718,data\scores\Debussy\Debussy_113_6.0_0.0.mxl,Debussy,Debussy_113_6.0_0.0,58,,,,rest,,,,,,,,0.125,57.75
719,data\scores\Debussy\Debussy_113_6.0_0.0.mxl,Debussy,Debussy_113_6.0_0.0,58,,,,note,Db3,Db,D,-1,3,49,1,0.5,57.0
720,data\scores\Debussy\Debussy_113_6.0_0.0.mxl,Debussy,Debussy_113_6.0_0.0,59,,,,rest,,,,,,,,0.125,58.0
721,data\scores\Debussy\Debussy_113_6.0_0.0.mxl,Debussy,Debussy_113_6.0_0.0,59,,,,note,A3,A,A,0,3,57,9,0.0,0
722,data\scores\Debussy\Debussy_113_6.0_0.0.mxl,Debussy,Debussy_113_6.0_0.0,59,,,,note,Bb3,Bb,B,-1,3,58,10,0.125,58.25
723,data\scores\Debussy\Debussy_113_6.0_0.0.mxl,Debussy,Debussy_113_6.0_0.0,59,,,,note,Db4,Db,D,-1,4,61,1,0.125,58.25
724,data\scores\Debussy\Debussy_113_6.0_0.0.mxl,Debussy,Debussy_113_6.0_0.0,59,,,,rest,,,,,,,,0.25,58.5
725,data\scores\Debussy\Debussy_113_6.0_0.0.mxl,Debussy,Debussy_113_6.0_0.0,59,,,,rest,,,,,,,,0.125,58.0
726,data\scores\Debussy\Debussy_113_6.0_0.0.mxl,Debussy,Debussy_113_6.0_0.0,59,,,,note,Gb2,Gb,G,-1,2,42,6,0.125,58.25
727,data\scores\Debussy\Debussy_113_6.0_0.0.mxl,Debussy,Debussy_113_6.0_0.0,59,,,,note,F2,F,F,0,2,41,5,0.125,58.5
728,data\scores\Debussy\Debussy_113_6.0_0.0.mxl,Debussy,Debussy_113_6.0_0.0,59,,,,note,Eb2,Eb,E,-1,2,39,3,0.125,58.75
729,data\scores\Debussy\Debussy_113_6.0_0.0.mxl,Debussy,Debussy_113_6.0_0.0,59,,,,note,Db3,Db,D,-1,3,49,1,0.5,58.0
730,data\scores\Debussy\Debussy_113_6.0_0.0.mxl,Debussy,Debussy_113_6.0_0.0,60,,,,rest,,,,,,,,0.25,59.0
731,data\scores\Debussy\Debussy_113_6.0_0.0.mxl,Debussy,Debussy_113_6.0_0.0,60,,,,note,Db2,Db,D,-1,2,37,1,0.125,59.0
732,data\scores\Debussy\Debussy_113_6.0_0.0.mxl,Debussy,Debussy_113_6.0_0.0,60,,,,rest,,,,,,,,0.125,59.25
733,data\scores\Debussy\Debussy_113_6.0_0.0.mxl,Debussy,Debussy_113_6.0_0.0,60,,,,rest,,,,,,,,0.25,59.5
734,data\scores\Debussy\Debussy_113_6.0_0.0.mxl,Debussy,Debussy_113_6.0_0.0,60,,,,note,Db3,Db,D,-1,3,49,1,0.5,59.0
735,data\scores\Debussy\Debussy_113_6.0_0.0.mxl,Debussy,Debussy_113_6.0_0.0,61,,,,rest,,,,,,,,0.25,60.0
736,data\scores\Debussy\Debussy_113_6.0_0.0.mxl,Debussy,Debussy_113_6.0_0.0,61,,,,note,Ab3,Ab,A,-1,3,56,8,0.25,60.750001875004685
737,data\scores\Debussy\Debussy_113_6.0_0.0.mxl,Debussy,Debussy_113_6.0_0.0,61,,,,note,A3,A,A,0,3,57,9,0.25,60.750001875004685
738,data\scores\Debussy\Debussy_113_6.0_0.0.mxl,Debussy,Debussy_113_6.0_0.0,61,,,,rest,,,,,,,,0.125,59.99999999999999
739,data\scores\Debussy\Debussy_113_6.0_0.0.mxl,Debussy,Debussy_113_6.0_0.0,61,,,,note,Eb2,Eb,E,-1,2,39,3,0.125,60.375000937502335
740,data\scores\Debussy\Debussy_113_6.0_0.0.mxl,Debussy,Debussy_113_6.0_0.0,61,,,,note,F2,F,F,0,2,41,5,0.125,60.75000187500468
741,data\scores\Debussy\Debussy_113_6.0_0.0.mxl,Debussy,Debussy_113_6.0_0.0,61,,,,note,Gb2,Gb,G,-1,2,42,6,0.125,61.12500281250702
742,data\scores\Debussy\Debussy_113_6.0_0.0.mxl,Debussy,Debussy_113_6.0_0.0,61,,,,note,Db3,Db,D,-1,3,49,1,0.125,59.999999999999986
743,data\scores\Debussy\Debussy_113_6.0_0.0.mxl,Debussy,Debussy_113_6.0_0.0,61,,,,rest,,,,,,,,0.125,60.37500093750233
744,data\scores\Debussy\Debussy_113_6.0_0.0.mxl,Debussy,Debussy_113_6.0_0.0,61,,,,rest,,,,,,,,0.25,60.75000187500467
745,data\scores\Debussy\Debussy_113_6.0_0.0.mxl,Debussy,Debussy_113_6.0_0.0,62,,,,note,A3,A,A,0,3,57,9,0.375,61.500003750009355
746,data\scores\Debussy\Debussy_113_6.0_0.0.mxl,Debussy,Debussy_113_6.0_0.0,62,,,,note,Bb3,Bb,B,-1,3,58,10,0.125,62.62500656251639
747,data\scores\Debussy\Debussy_113_6.0_0.0.mxl,Debussy,Debussy_113_6.0_0.0,62,,,,note,F4,F,F,0,4,65,5,0.375,61.500003750009355
748,data\scores\Debussy\Debussy_113_6.0_0.0.mxl,Debussy,Debussy_113_6.0_0.0,62,,,,note,E4,E,E,0,4,64,4,0.125,62.62500656251639
749,data\scores\Debussy\Debussy_113_6.0_0.0.mxl,Debussy,Debussy_113_6.0_0.0,62,,,,note,A2,A,A,0,2,45,9,0.125,61.500003750009355
750,data\scores\Debussy\Debussy_113_6.0_0.0.mxl,Debussy,Debussy_113_6.0_0.0,62,,,,note,Bb2,Bb,B,-1,2,46,10,0.125,61.8750046875117
751,data\scores\Debussy\Debussy_113_6.0_0.0.mxl,Debussy,Debussy_113_6.0_0.0,62,,,,note,Cb3,Cb,C,-1,3,59,11,0.125,62.25000562501404
752,data\scores\Debussy\Debussy_113_6.0_0.0.mxl,Debussy,Debussy_113_6.0_0.0,62,,,,note,C3,C,C,0,3,48,0,0.125,62.62500656251638
753,data\scores\Debussy\Debussy_113_6.0_0.0.mxl,Debussy,Debussy_113_6.0_0.0,63,,,,rest,,,,,,,,0.125,63.000007500018725
754,data\scores\Debussy\Debussy_113_6.0_0.0.mxl,Debussy,Debussy_113_6.0_0.0,63,,,,note,D5,D,D,0,5,74,2,0.0,0
755,data\scores\Debussy\Debussy_113_6.0_0.0.mxl,Debussy,Debussy_113_6.0_0.0,63,,,,note,Cb5,Cb,C,-1,5,83,11,0.125,63.250007500018725
756,data\scores\Debussy\Debussy_113_6.0_0.0.mxl,Debussy,Debussy_113_6.0_0.0,63,,,,note,Eb5,Eb,E,-1,5,75,3,0.125,63.250007500018725
757,data\scores\Debussy\Debussy_113_6.0_0.0.mxl,Debussy,Debussy_113_6.0_0.0,63,,,,note,C5,C,C,0,5,72,0,0.0,0
758,data\scores\Debussy\Debussy_113_6.0_0.0.mxl,Debussy,Debussy_113_6.0_0.0,63,,,,note,Cb5,Cb,C,-1,5,83,11,0.125,63.500007500018725
759,data\scores\Debussy\Debussy_113_6.0_0.0.mxl,Debussy,Debussy_113_6.0_0.0,63,,,,note,Db5,Db,D,-1,5,73,1,0.125,63.500007500018725
760,data\scores\Debussy\Debussy_113_6.0_0.0.mxl,Debussy,Debussy_113_6.0_0.0,63,,,,note,D5,D,D,0,5,74,2,0.0,0
761,data\scores\Debussy\Debussy_113_6.0_0.0.mxl,Debussy,Debussy_113_6.0_0.0,63,,,,note,C5,C,C,0,5,72,0,0.125,63.750007500018725
762,data\scores\Debussy\Debussy_113_6.0_0.0.mxl,Debussy,Debussy_113_6.0_0.0,63,,,,note,Eb5,Eb,E,-1,5,75,3,0.125,63.750007500018725
763,data\scores\Debussy\Debussy_113_6.0_0.0.mxl,Debussy,Debussy_113_6.0_0.0,63,,,,note,Cb4,Cb,C,-1,4,71,11,0.5,63.000007500018725
764,data\scores\Debussy\Debussy_113_6.0_0.0.mxl,Debussy,Debussy_113_6.0_0.0,63,,,,note,Eb4,Eb,E,-1,4,63,3,0.5,63.000007500018725
765,data\scores\Debussy\Debussy_113_6.0_0.0.mxl,Debussy,Debussy_113_6.0_0.0,63,,,,rest,,,,,,,,0.125,63.000007500018725
766,data\scores\Debussy\Debussy_113_6.0_0.0.mxl,Debussy,Debussy_113_6.0_0.0,63,,,,note,Ab3,Ab,A,-1,3,56,8,0.125,63.250007500018725
767,data\scores\Debussy\Debussy_113_6.0_0.0.mxl,Debussy,Debussy_113_6.0_0.0,63,,,,note,Cb4,Cb,C,-1,4,71,11,0.125,63.250007500018725
768,data\scores\Debussy\Debussy_113_6.0_0.0.mxl,Debussy,Debussy_113_6.0_0.0,63,,,,note,F4,F,F,0,4,65,5,0.125,63.250007500018725
769,data\scores\Debussy\Debussy_113_6.0_0.0.mxl,Debussy,Debussy_113_6.0_0.0,63,,,,note,Ab3,Ab,A,-1,3,56,8,0.125,63.500007500018725
770,data\scores\Debussy\Debussy_113_6.0_0.0.mxl,Debussy,Debussy_113_6.0_0.0,63,,,,note,Cb4,Cb,C,-1,4,71,11,0.125,63.500007500018725
771,data\scores\Debussy\Debussy_113_6.0_0.0.mxl,Debussy,Debussy_113_6.0_0.0,63,,,,note,F4,F,F,0,4,65,5,0.125,63.500007500018725
772,data\scores\Debussy\Debussy_113_6.0_0.0.mxl,Debussy,Debussy_113_6.0_0.0,63,,,,note,Ab3,Ab,A,-1,3,56,8,0.125,63.750007500018725
773,data\scores\Debussy\Debussy_113_6.0_0.0.mxl,Debussy,Debussy_113_6.0_0.0,63,,,,note,Cb4,Cb,C,-1,4,71,11,0.125,63.750007500018725
774,data\scores\Debussy\Debussy_113_6.0_0.0.mxl,Debussy,Debussy_113_6.0_0.0,63,,,,note,F4,F,F,0,4,65,5,0.125,63.750007500018725
775,data\scores\Debussy\Debussy_113_6.0_0.0.mxl,Debussy,Debussy_113_6.0_0.0,63,,,,note,Ab2,Ab,A,-1,2,44,8,0.5,63.000007500018725
776,data\scores\Debussy\Debussy_113_6.0_0.0.mxl,Debussy,Debussy_113_6.0_0.0,63,,,,note,Db3,Db,D,-1,3,49,1,0.5,63.000007500018725
777,data\scores\Debussy\Debussy_113_6.0_0.0.mxl,Debussy,Debussy_113_6.0_0.0,64,,,,rest,,,,,,,,0.125,64.00000750001873
778,data\scores\Debussy\Debussy_113_6.0_0.0.mxl,Debussy,Debussy_113_6.0_0.0,64,,,,note,D5,D,D,0,5,74,2,0.0,0
779,data\scores\Debussy\Debussy_113_6.0_0.0.mxl,Debussy,Debussy_113_6.0_0.0,64,,,,note,Cb5,Cb,C,-1,5,83,11,0.125,64.25000750001873
780,data\scores\Debussy\Debussy_113_6.0_0.0.mxl,Debussy,Debussy_113_6.0_0.0,64,,,,note,Eb5,Eb,E,-1,5,75,3,0.125,64.25000750001873
781,data\scores\Debussy\Debussy_113_6.0_0.0.mxl,Debussy,Debussy_113_6.0_0.0,64,,,,note,C5,C,C,0,5,72,0,0.0,0
782,data\scores\Debussy\Debussy_113_6.0_0.0.mxl,Debussy,Debussy_113_6.0_0.0,64,,,,note,Cb5,Cb,C,-1,5,83,11,0.125,64.50000750001873
783,data\scores\Debussy\Debussy_113_6.0_0.0.mxl,Debussy,Debussy_113_6.0_0.0,64,,,,note,Db5,Db,D,-1,5,73,1,0.125,64.50000750001873
784,data\scores\Debussy\Debussy_113_6.0_0.0.mxl,Debussy,Debussy_113_6.0_0.0,64,,,,note,D5,D,D,0,5,74,2,0.0,0
785,data\scores\Debussy\Debussy_113_6.0_0.0.mxl,Debussy,Debussy_113_6.0_0.0,64,,,,note,C5,C,C,0,5,72,0,0.125,64.75000750001873
786,data\scores\Debussy\Debussy_113_6.0_0.0.mxl,Debussy,Debussy_113_6.0_0.0,64,,,,note,Eb5,Eb,E,-1,5,75,3,0.125,64.75000750001873
787,data\scores\Debussy\Debussy_113_6.0_0.0.mxl,Debussy,Debussy_113_6.0_0.0,64,,,,rest,,,,,,,,0.125,64.00000750001873
788,data\scores\Debussy\Debussy_113_6.0_0.0.mxl,Debussy,Debussy_113_6.0_0.0,64,,,,note,Ab3,Ab,A,-1,3,56,8,0.125,64.25000750001873
789,data\scores\Debussy\Debussy_113_6.0_0.0.mxl,Debussy,Debussy_113_6.0_0.0,64,,,,note,Cb4,Cb,C,-1,4,71,11,0.125,64.25000750001873
790,data\scores\Debussy\Debussy_113_6.0_0.0.mxl,Debussy,Debussy_113_6.0_0.0,64,,,,note,F4,F,F,0,4,65,5,0.125,64.25000750001873
791,data\scores\Debussy\Debussy_113_6.0_0.0.mxl,Debussy,Debussy_113_6.0_0.0,64,,,,note,Ab3,Ab,A,-1,3,56,8,0.125,64.50000750001873
792,data\scores\Debussy\Debussy_113_6.0_0.0.mxl,Debussy,Debussy_113_6.0_0.0,64,,,,note,Cb4,Cb,C,-1,4,71,11,0.125,64.50000750001873
793,data\scores\Debussy\Debussy_113_6.0_0.0.mxl,Debussy,Debussy_113_6.0_0.0,64,,,,note,F4,F,F,0,4,65,5,0.125,64.50000750001873
794,data\scores\Debussy\Debussy_113_6.0_0.0.mxl,Debussy,Debussy_113_6.0_0.0,64,,,,note,Ab3,Ab,A,-1,3,56,8,0.125,64.75000750001873
795,data\scores\Debussy\Debussy_113_6.0_0.0.mxl,Debussy,Debussy_113_6.0_0.0,64,,,,note,Cb4,Cb,C,-1,4,71,11,0.125,64.75000750001873
796,data\scores\Debussy\Debussy_113_6.0_0.0.mxl,Debussy,Debussy_113_6.0_0.0,64,,,,note,F4,F,F,0,4,65,5,0.125,64.75000750001873
797,data\scores\Debussy\Debussy_113_6.0_0.0.mxl,Debussy,Debussy_113_6.0_0.0,65,,,,rest,,,,,,,,0.25,65.00000750001873
798,data\scores\Debussy\Debussy_113_6.0_0.0.mxl,Debussy,Debussy_113_6.0_0.0,65,,,,note,A3,A,A,0,3,57,9,0.25,65.50000750001873
799,data\scores\Debussy\Debussy_113_6.0_0.0.mxl,Debussy,Debussy_113_6.0_0.0,65,,,,note,A3,A,A,0,3,57,9,0.25,65.50000750001873
800,data\scores\Debussy\Debussy_113_6.0_0.0.mxl,Debussy,Debussy_113_6.0_0.0,65,,,,rest,,,,,,,,0.25,64.75000562501404
801,data\scores\Debussy\Debussy_113_6.0_0.0.mxl,Debussy,Debussy_113_6.0_0.0,66,,,,note,F4,F,F,0,4,65,5,0.375,66.25000937502341
802,data\scores\Debussy\Debussy_113_6.0_0.0.mxl,Debussy,Debussy_113_6.0_0.0,66,,,,note,E4,E,E,0,4,64,4,0.125,67.37501218753044
803,data\scores\Debussy\Debussy_113_6.0_0.0.mxl,Debussy,Debussy_113_6.0_0.0,66,,,,note,A3,A,A,0,3,57,9,0.5,66.25000937502342
804,data\scores\Debussy\Debussy_113_6.0_0.0.mxl,Debussy,Debussy_113_6.0_0.0,66,,,,note,Db3,Db,D,-1,3,49,1,0.5,66.25000937502342
805,data\scores\Debussy\Debussy_113_6.0_0.0.mxl,Debussy,Debussy_113_6.0_0.0,67,,,,rest,,,,,,,,0.125,67.7500131250328
806,data\scores\Debussy\Debussy_113_6.0_0.0.mxl,Debussy,Debussy_113_6.0_0.0,67,,,,note,D5,D,D,0,5,74,2,0.0,0
807,data\scores\Debussy\Debussy_113_6.0_0.0.mxl,Debussy,Debussy_113_6.0_0.0,67,,,,note,Bb4,Bb,B,-1,4,70,10,0.125,68.0000131250328
808,data\scores\Debussy\Debussy_113_6.0_0.0.mxl,Debussy,Debussy_113_6.0_0.0,67,,,,note,Eb5,Eb,E,-1,5,75,3,0.125,68.0000131250328
809,data\scores\Debussy\Debussy_113_6.0_0.0.mxl,Debussy,Debussy_113_6.0_0.0,67,,,,note,C5,C,C,0,5,72,0,0.0,0
810,data\scores\Debussy\Debussy_113_6.0_0.0.mxl,Debussy,Debussy_113_6.0_0.0,67,,,,note,Bb4,Bb,B,-1,4,70,10,0.125,68.2500131250328
811,data\scores\Debussy\Debussy_113_6.0_0.0.mxl,Debussy,Debussy_113_6.0_0.0,67,,,,note,Db5,Db,D,-1,5,73,1,0.125,68.2500131250328
812,data\scores\Debussy\Debussy_113_6.0_0.0.mxl,Debussy,Debussy_113_6.0_0.0,67,,,,note,D5,D,D,0,5,74,2,0.0,0
813,data\scores\Debussy\Debussy_113_6.0_0.0.mxl,Debussy,Debussy_113_6.0_0.0,67,,,,note,Bb4,Bb,B,-1,4,70,10,0.125,68.5000131250328
814,data\scores\Debussy\Debussy_113_6.0_0.0.mxl,Debussy,Debussy_113_6.0_0.0,67,,,,note,Eb5,Eb,E,-1,5,75,3,0.125,68.5000131250328
815,data\scores\Debussy\Debussy_113_6.0_0.0.mxl,Debussy,Debussy_113_6.0_0.0,67,,,,note,Cb4,Cb,C,-1,4,71,11,0.5,67.7500131250328
816,data\scores\Debussy\Debussy_113_6.0_0.0.mxl,Debussy,Debussy_113_6.0_0.0,67,,,,note,Eb4,Eb,E,-1,4,63,3,0.5,67.7500131250328
817,data\scores\Debussy\Debussy_113_6.0_0.0.mxl,Debussy,Debussy_113_6.0_0.0,67,,,,note,Gb2,Gb,G,-1,2,42,6,0.5,67.7500131250328
818,data\scores\Debussy\Debussy_113_6.0_0.0.mxl,Debussy,Debussy_113_6.0_0.0,67,,,,note,Db3,Db,D,-1,3,49,1,0.5,67.7500131250328
819,data\scores\Debussy\Debussy_113_6.0_0.0.mxl,Debussy,Debussy_113_6.0_0.0,67,,,,rest,,,,,,,,0.125,67.7500131250328
820,data\scores\Debussy\Debussy_113_6.0_0.0.mxl,Debussy,Debussy_113_6.0_0.0,67,,,,note,Bb3,Bb,B,-1,3,58,10,0.125,68.0000131250328
821,data\scores\Debussy\Debussy_113_6.0_0.0.mxl,Debussy,Debussy_113_6.0_0.0,67,,,,note,Db4,Db,D,-1,4,61,1,0.125,68.0000131250328
822,data\scores\Debussy\Debussy_113_6.0_0.0.mxl,Debussy,Debussy_113_6.0_0.0,67,,,,note,Gb4,Gb,G,-1,4,66,6,0.125,68.0000131250328
823,data\scores\Debussy\Debussy_113_6.0_0.0.mxl,Debussy,Debussy_113_6.0_0.0,67,,,,note,Bb3,Bb,B,-1,3,58,10,0.125,68.2500131250328
824,data\scores\Debussy\Debussy_113_6.0_0.0.mxl,Debussy,Debussy_113_6.0_0.0,67,,,,note,Db4,Db,D,-1,4,61,1,0.125,68.2500131250328
825,data\scores\Debussy\Debussy_113_6.0_0.0.mxl,Debussy,Debussy_113_6.0_0.0,67,,,,note,Gb4,Gb,G,-1,4,66,6,0.125,68.2500131250328
826,data\scores\Debussy\Debussy_113_6.0_0.0.mxl,Debussy,Debussy_113_6.0_0.0,67,,,,note,Bb3,Bb,B,-1,3,58,10,0.125,68.5000131250328
827,data\scores\Debussy\Debussy_113_6.0_0.0.mxl,Debussy,Debussy_113_6.0_0.0,67,,,,note,Db4,Db,D,-1,4,61,1,0.125,68.5000131250328
828,data\scores\Debussy\Debussy_113_6.0_0.0.mxl,Debussy,Debussy_113_6.0_0.0,67,,,,note,Gb4,Gb,G,-1,4,66,6,0.125,68.5000131250328
829,data\scores\Debussy\Debussy_113_6.0_0.0.mxl,Debussy,Debussy_113_6.0_0.0,68,,,,rest,,,,,,,,0.125,68.7500131250328
830,data\scores\Debussy\Debussy_113_6.0_0.0.mxl,Debussy,Debussy_113_6.0_0.0,68,,,,note,D5,D,D,0,5,74,2,0.0,0
831,data\scores\Debussy\Debussy_113_6.0_0.0.mxl,Debussy,Debussy_113_6.0_0.0,68,,,,note,Bb4,Bb,B,-1,4,70,10,0.125,69.0000131250328
832,data\scores\Debussy\Debussy_113_6.0_0.0.mxl,Debussy,Debussy_113_6.0_0.0,68,,,,note,Eb5,Eb,E,-1,5,75,3,0.125,69.0000131250328
833,data\scores\Debussy\Debussy_113_6.0_0.0.mxl,Debussy,Debussy_113_6.0_0.0,68,,,,note,C5,C,C,0,5,72,0,0.0,0
834,data\scores\Debussy\Debussy_113_6.0_0.0.mxl,Debussy,Debussy_113_6.0_0.0,68,,,,note,Bb4,Bb,B,-1,4,70,10,0.125,69.2500131250328
835,data\scores\Debussy\Debussy_113_6.0_0.0.mxl,Debussy,Debussy_113_6.0_0.0,68,,,,note,Db5,Db,D,-1,5,73,1,0.125,69.2500131250328
836,data\scores\Debussy\Debussy_113_6.0_0.0.mxl,Debussy,Debussy_113_6.0_0.0,68,,,,note,D5,D,D,0,5,74,2,0.0,0
837,data\scores\Debussy\Debussy_113_6.0_0.0.mxl,Debussy,Debussy_113_6.0_0.0,68,,,,note,Bb4,Bb,B,-1,4,70,10,0.125,69.5000131250328
838,data\scores\Debussy\Debussy_113_6.0_0.0.mxl,Debussy,Debussy_113_6.0_0.0,68,,,,note,Eb5,Eb,E,-1,5,75,3,0.125,69.5000131250328
839,data\scores\Debussy\Debussy_113_6.0_0.0.mxl,Debussy,Debussy_113_6.0_0.0,68,,,,rest,,,,,,,,0.125,68.7500131250328
840,data\scores\Debussy\Debussy_113_6.0_0.0.mxl,Debussy,Debussy_113_6.0_0.0,68,,,,note,Bb3,Bb,B,-1,3,58,10,0.125,69.0000131250328
841,data\scores\Debussy\Debussy_113_6.0_0.0.mxl,Debussy,Debussy_113_6.0_0.0,68,,,,note,Db4,Db,D,-1,4,61,1,0.125,69.0000131250328
842,data\scores\Debussy\Debussy_113_6.0_0.0.mxl,Debussy,Debussy_113_6.0_0.0,68,,,,note,Gb4,Gb,G,-1,4,66,6,0.125,69.0000131250328
843,data\scores\Debussy\Debussy_113_6.0_0.0.mxl,Debussy,Debussy_113_6.0_0.0,68,,,,note,Bb3,Bb,B,-1,3,58,10,0.125,69.2500131250328
844,data\scores\Debussy\Debussy_113_6.0_0.0.mxl,Debussy,Debussy_113_6.0_0.0,68,,,,note,Db4,Db,D,-1,4,61,1,0.125,69.2500131250328
845,data\scores\Debussy\Debussy_113_6.0_0.0.mxl,Debussy,Debussy_113_6.0_0.0,68,,,,note,Gb4,Gb,G,-1,4,66,6,0.125,69.2500131250328
846,data\scores\Debussy\Debussy_113_6.0_0.0.mxl,Debussy,Debussy_113_6.0_0.0,68,,,,note,Bb3,Bb,B,-1,3,58,10,0.125,69.5000131250328
847,data\scores\Debussy\Debussy_113_6.0_0.0.mxl,Debussy,Debussy_113_6.0_0.0,68,,,,note,Db4,Db,D,-1,4,61,1,0.125,69.5000131250328
848,data\scores\Debussy\Debussy_113_6.0_0.0.mxl,Debussy,Debussy_113_6.0_0.0,68,,,,note,Gb4,Gb,G,-1,4,66,6,0.125,69.5000131250328
849,data\scores\Debussy\Debussy_113_6.0_0.0.mxl,Debussy,Debussy_113_6.0_0.0,69,,,,rest,,,,,,,,0.25,69.7500131250328
850,data\scores\Debussy\Debussy_113_6.0_0.0.mxl,Debussy,Debussy_113_6.0_0.0,69,,,,note,A4,A,A,0,4,69,9,0.25,70.2500131250328
851,data\scores\Debussy\Debussy_113_6.0_0.0.mxl,Debussy,Debussy_113_6.0_0.0,69,,,,rest,,,,,,,,0.25,69.50001125002811
852,data\scores\Debussy\Debussy_113_6.0_0.0.mxl,Debussy,Debussy_113_6.0_0.0,69,,,,note,A3,A,A,0,3,57,9,0.25,70.2500131250328
853,data\scores\Debussy\Debussy_113_6.0_0.0.mxl,Debussy,Debussy_113_6.0_0.0,70,,,,note,F5,F,F,0,5,77,5,0.125,71.00001500003748
854,data\scores\Debussy\Debussy_113_6.0_0.0.mxl,Debussy,Debussy_113_6.0_0.0,70,,,,note,Ab5,Ab,A,-1,5,80,8,0.25,71.37501593753983
855,data\scores\Debussy\Debussy_113_6.0_0.0.mxl,Debussy,Debussy_113_6.0_0.0,70,,,,note,Gb5,Gb,G,-1,5,78,6,0.125,72.12501781254451
856,data\scores\Debussy\Debussy_113_6.0_0.0.mxl,Debussy,Debussy_113_6.0_0.0,70,,,,note,F4,F,F,0,4,65,5,0.125,71.0000150000375
857,data\scores\Debussy\Debussy_113_6.0_0.0.mxl,Debussy,Debussy_113_6.0_0.0,70,,,,note,Ab4,Ab,A,-1,4,68,8,0.25,71.37501593753984
858,data\scores\Debussy\Debussy_113_6.0_0.0.mxl,Debussy,Debussy_113_6.0_0.0,70,,,,note,Gb4,Gb,G,-1,4,66,6,0.125,72.12501781254453
859,data\scores\Debussy\Debussy_113_6.0_0.0.mxl,Debussy,Debussy_113_6.0_0.0,71,,,,note,Bb4,Bb,B,-1,4,70,10,0.125,72.50001875004688
860,data\scores\Debussy\Debussy_113_6.0_0.0.mxl,Debussy,Debussy_113_6.0_0.0,71,,,,note,Ab4,Ab,A,-1,4,68,8,0.125,72.75001875004688
861,data\scores\Debussy\Debussy_113_6.0_0.0.mxl,Debussy,Debussy_113_6.0_0.0,71,,,,note,Gb4,Gb,G,-1,4,66,6,0.125,73.00001875004688
862,data\scores\Debussy\Debussy_113_6.0_0.0.mxl,Debussy,Debussy_113_6.0_0.0,71,,,,note,F4,F,F,0,4,65,5,0.125,73.25001875004688
863,data\scores\Debussy\Debussy_113_6.0_0.0.mxl,Debussy,Debussy_113_6.0_0.0,71,,,,note,Eb5,Eb,E,-1,5,75,3,0.0625,72.50001875004688
864,data\scores\Debussy\Debussy_113_6.0_0.0.mxl,Debussy,Debussy_113_6.0_0.0,71,,,,note,Gb5,Gb,G,-1,5,78,6,0.125,72.62501875004688
865,data\scores\Debussy\Debussy_113_6.0_0.0.mxl,Debussy,Debussy_113_6.0_0.0,71,,,,note,F5,F,F,0,5,77,5,0.0625,72.87501875004688
866,data\scores\Debussy\Debussy_113_6.0_0.0.mxl,Debussy,Debussy_113_6.0_0.0,71,,,,note,Db5,Db,D,-1,5,73,1,0.25,73.00001875004688
867,data\scores\Debussy\Debussy_113_6.0_0.0.mxl,Debussy,Debussy_113_6.0_0.0,71,,,,rest,,,,,,,,0.125,72.50001875004688
868,data\scores\Debussy\Debussy_113_6.0_0.0.mxl,Debussy,Debussy_113_6.0_0.0,71,,,,note,F4,F,F,0,4,65,5,0.125,72.75001875004688
869,data\scores\Debussy\Debussy_113_6.0_0.0.mxl,Debussy,Debussy_113_6.0_0.0,71,,,,note,Eb4,Eb,E,-1,4,63,3,0.125,73.00001875004688
870,data\scores\Debussy\Debussy_113_6.0_0.0.mxl,Debussy,Debussy_113_6.0_0.0,71,,,,note,Db4,Db,D,-1,4,61,1,0.125,73.25001875004688
871,data\scores\Debussy\Debussy_113_6.0_0.0.mxl,Debussy,Debussy_113_6.0_0.0,71,,,,note,Ab3,Ab,A,-1,3,56,8,0.375,72.75001875004688
872,data\scores\Debussy\Debussy_113_6.0_0.0.mxl,Debussy,Debussy_113_6.0_0.0,71,,,,note,Cb4,Cb,C,-1,4,71,11,0.375,72.75001875004688
873,data\scores\Debussy\Debussy_113_6.0_0.0.mxl,Debussy,Debussy_113_6.0_0.0,71,,,,note,Db3,Db,D,-1,3,49,1,0.5,72.50001875004688
874,data\scores\Debussy\Debussy_113_6.0_0.0.mxl,Debussy,Debussy_113_6.0_0.0,72,,,,note,Eb4,Eb,E,-1,4,63,3,0.125,73.50001875004688
875,data\scores\Debussy\Debussy_113_6.0_0.0.mxl,Debussy,Debussy_113_6.0_0.0,72,,,,note,Db4,Db,D,-1,4,61,1,0.125,73.75001875004688
876,data\scores\Debussy\Debussy_113_6.0_0.0.mxl,Debussy,Debussy_113_6.0_0.0,72,,,,note,Cb4,Cb,C,-1,4,71,11,0.125,74.00001875004688
877,data\scores\Debussy\Debussy_113_6.0_0.0.mxl,Debussy,Debussy_113_6.0_0.0,72,,,,note,Bb3,Bb,B,-1,3,58,10,0.125,74.25001875004688
878,data\scores\Debussy\Debussy_113_6.0_0.0.mxl,Debussy,Debussy_113_6.0_0.0,72,,,,note,Ab4,Ab,A,-1,4,68,8,0.0625,73.50001875004688
879,data\scores\Debussy\Debussy_113_6.0_0.0.mxl,Debussy,Debussy_113_6.0_0.0,72,,,,note,Cb5,Cb,C,-1,5,83,11,0.125,73.62501875004688
880,data\scores\Debussy\Debussy_113_6.0_0.0.mxl,Debussy,Debussy_113_6.0_0.0,72,,,,note,Bb4,Bb,B,-1,4,70,10,0.0625,73.87501875004688
881,data\scores\Debussy\Debussy_113_6.0_0.0.mxl,Debussy,Debussy_113_6.0_0.0,72,,,,note,Db4,Db,D,-1,4,61,1,0.25,74.00001875004688
882,data\scores\Debussy\Debussy_113_6.0_0.0.mxl,Debussy,Debussy_113_6.0_0.0,72,,,,note,Cb4,Cb,C,-1,4,71,11,0.25,73.50001875004688
883,data\scores\Debussy\Debussy_113_6.0_0.0.mxl,Debussy,Debussy_113_6.0_0.0,72,,,,rest,,,,,,,,0.25,74.00001875004688
884,data\scores\Debussy\Debussy_113_6.0_0.0.mxl,Debussy,Debussy_113_6.0_0.0,72,,,,note,Gb3,Gb,G,-1,3,54,6,0.125,73.50001875004688
885,data\scores\Debussy\Debussy_113_6.0_0.0.mxl,Debussy,Debussy_113_6.0_0.0,72,,,,note,F3,F,F,0,3,53,5,0.125,73.75001875004688
886,data\scores\Debussy\Debussy_113_6.0_0.0.mxl,Debussy,Debussy_113_6.0_0.0,72,,,,note,Eb3,Eb,E,-1,3,51,3,0.125,74.00001875004688
887,data\scores\Debussy\Debussy_113_6.0_0.0.mxl,Debussy,Debussy_113_6.0_0.0,72,,,,note,Db3,Db,D,-1,3,49,1,0.125,74.25001875004688
888,data\scores\Debussy\Debussy_113_6.0_0.0.mxl,Debussy,Debussy_113_6.0_0.0,73,,,,note,Bb3,Bb,B,-1,3,58,10,0.125,74.50001875004688
889,data\scores\Debussy\Debussy_113_6.0_0.0.mxl,Debussy,Debussy_113_6.0_0.0,73,,,,rest,,,,,,,,0.125,74.87501968754923
890,data\scores\Debussy\Debussy_113_6.0_0.0.mxl,Debussy,Debussy_113_6.0_0.0,73,,,,note,A3,A,A,0,3,57,9,0.25,75.25002062505158
891,data\scores\Debussy\Debussy_113_6.0_0.0.mxl,Debussy,Debussy_113_6.0_0.0,73,,,,note,Db4,Db,D,-1,4,61,1,0.5,74.50001875004689
892,data\scores\Debussy\Debussy_113_6.0_0.0.mxl,Debussy,Debussy_113_6.0_0.0,73,,,,note,A3,A,A,0,3,57,9,0.25,75.25002062505158
893,data\scores\Debussy\Debussy_113_6.0_0.0.mxl,Debussy,Debussy_113_6.0_0.0,73,,,,note,Db3,Db,D,-1,3,49,1,0.125,74.50001875004689
894,data\scores\Debussy\Debussy_113_6.0_0.0.mxl,Debussy,Debussy_113_6.0_0.0,73,,,,note,Db3,Db,D,-1,3,49,1,0.25,74.87501968754924
895,data\scores\Debussy\Debussy_113_6.0_0.0.mxl,Debussy,Debussy_113_6.0_0.0,73,,,,note,Db3,Db,D,-1,3,49,1,0.125,75.62502156255393
896,data\scores\Debussy\Debussy_113_6.0_0.0.mxl,Debussy,Debussy_113_6.0_0.0,73,,,,note,Gb2,Gb,G,-1,2,42,6,0.5,74.5000187500469
897,data\scores\Debussy\Debussy_113_6.0_0.0.mxl,Debussy,Debussy_113_6.0_0.0,74,,,,note,A3,A,A,0,3,57,9,0.25,76.00002250005628
898,data\scores\Debussy\Debussy_113_6.0_0.0.mxl,Debussy,Debussy_113_6.0_0.0,74,,,,note,Bb3,Bb,B,-1,3,58,10,0.25,76.75002437506096
899,data\scores\Debussy\Debussy_113_6.0_0.0.mxl,Debussy,Debussy_113_6.0_0.0,74,,,,note,F4,F,F,0,4,65,5,0.375,76.00002250005628
900,data\scores\Debussy\Debussy_113_6.0_0.0.mxl,Debussy,Debussy_113_6.0_0.0,74,,,,note,E4,E,E,0,4,64,4,0.125,77.12502531256331
901,data\scores\Debussy\Debussy_113_6.0_0.0.mxl,Debussy,Debussy_113_6.0_0.0,74,,,,note,Db3,Db,D,-1,3,49,1,0.125,76.00002250005629
902,data\scores\Debussy\Debussy_113_6.0_0.0.mxl,Debussy,Debussy_113_6.0_0.0,74,,,,note,Db3,Db,D,-1,3,49,1,0.375,76.37502343755864
903,data\scores\Debussy\Debussy_113_6.0_0.0.mxl,Debussy,Debussy_113_6.0_0.0,74,,,,note,G2,G,G,0,2,43,7,0.5,76.0000225000563
904,data\scores\Debussy\Debussy_113_6.0_0.0.mxl,Debussy,Debussy_113_6.0_0.0,75,,,,note,Cb4,Cb,C,-1,4,71,11,0.5,77.50002625006567
905,data\scores\Debussy\Debussy_113_6.0_0.0.mxl,Debussy,Debussy_113_6.0_0.0,75,,,,note,Eb4,Eb,E,-1,4,63,3,0.5,77.50002625006567
906,data\scores\Debussy\Debussy_113_6.0_0.0.mxl,Debussy,Debussy_113_6.0_0.0,75,,,,rest,,,,,,,,0.125,77.50002625006567
907,data\scores\Debussy\Debussy_113_6.0_0.0.mxl,Debussy,Debussy_113_6.0_0.0,75,,,,note,D5,D,D,0,5,74,2,0.0,0
908,data\scores\Debussy\Debussy_113_6.0_0.0.mxl,Debussy,Debussy_113_6.0_0.0,75,,,,note,Cb5,Cb,C,-1,5,83,11,0.125,77.75002625006567
909,data\scores\Debussy\Debussy_113_6.0_0.0.mxl,Debussy,Debussy_113_6.0_0.0,75,,,,note,Eb5,Eb,E,-1,5,75,3,0.125,77.75002625006567
910,data\scores\Debussy\Debussy_113_6.0_0.0.mxl,Debussy,Debussy_113_6.0_0.0,75,,,,note,C5,C,C,0,5,72,0,0.0,0
911,data\scores\Debussy\Debussy_113_6.0_0.0.mxl,Debussy,Debussy_113_6.0_0.0,75,,,,note,Cb5,Cb,C,-1,5,83,11,0.125,78.00002625006567
912,data\scores\Debussy\Debussy_113_6.0_0.0.mxl,Debussy,Debussy_113_6.0_0.0,75,,,,note,Db5,Db,D,-1,5,73,1,0.125,78.00002625006567
913,data\scores\Debussy\Debussy_113_6.0_0.0.mxl,Debussy,Debussy_113_6.0_0.0,75,,,,note,D5,D,D,0,5,74,2,0.0,0
914,data\scores\Debussy\Debussy_113_6.0_0.0.mxl,Debussy,Debussy_113_6.0_0.0,75,,,,note,Cb5,Cb,C,-1,5,83,11,0.125,78.25002625006567
915,data\scores\Debussy\Debussy_113_6.0_0.0.mxl,Debussy,Debussy_113_6.0_0.0,75,,,,note,Eb5,Eb,E,-1,5,75,3,0.125,78.25002625006567
916,data\scores\Debussy\Debussy_113_6.0_0.0.mxl,Debussy,Debussy_113_6.0_0.0,75,,,,rest,,,,,,,,0.125,77.50002625006567
917,data\scores\Debussy\Debussy_113_6.0_0.0.mxl,Debussy,Debussy_113_6.0_0.0,75,,,,note,Ab3,Ab,A,-1,3,56,8,0.125,77.75002625006567
918,data\scores\Debussy\Debussy_113_6.0_0.0.mxl,Debussy,Debussy_113_6.0_0.0,75,,,,note,Cb4,Cb,C,-1,4,71,11,0.125,77.75002625006567
919,data\scores\Debussy\Debussy_113_6.0_0.0.mxl,Debussy,Debussy_113_6.0_0.0,75,,,,note,Gb4,Gb,G,-1,4,66,6,0.125,77.75002625006567
920,data\scores\Debussy\Debussy_113_6.0_0.0.mxl,Debussy,Debussy_113_6.0_0.0,75,,,,note,Ab3,Ab,A,-1,3,56,8,0.125,78.00002625006567
921,data\scores\Debussy\Debussy_113_6.0_0.0.mxl,Debussy,Debussy_113_6.0_0.0,75,,,,note,Cb4,Cb,C,-1,4,71,11,0.125,78.00002625006567
922,data\scores\Debussy\Debussy_113_6.0_0.0.mxl,Debussy,Debussy_113_6.0_0.0,75,,,,note,F4,F,F,0,4,65,5,0.125,78.00002625006567
923,data\scores\Debussy\Debussy_113_6.0_0.0.mxl,Debussy,Debussy_113_6.0_0.0,75,,,,note,Ab3,Ab,A,-1,3,56,8,0.125,78.25002625006567
924,data\scores\Debussy\Debussy_113_6.0_0.0.mxl,Debussy,Debussy_113_6.0_0.0,75,,,,note,Cb4,Cb,C,-1,4,71,11,0.125,78.25002625006567
925,data\scores\Debussy\Debussy_113_6.0_0.0.mxl,Debussy,Debussy_113_6.0_0.0,75,,,,note,Eb4,Eb,E,-1,4,63,3,0.125,78.25002625006567
926,data\scores\Debussy\Debussy_113_6.0_0.0.mxl,Debussy,Debussy_113_6.0_0.0,75,,,,note,Ab2,Ab,A,-1,2,44,8,0.5,77.50002625006567
927,data\scores\Debussy\Debussy_113_6.0_0.0.mxl,Debussy,Debussy_113_6.0_0.0,75,,,,note,Db3,Db,D,-1,3,49,1,0.5,77.50002625006567
928,data\scores\Debussy\Debussy_113_6.0_0.0.mxl,Debussy,Debussy_113_6.0_0.0,76,,,,rest,,,,,,,,0.25,78.50002625006567
929,data\scores\Debussy\Debussy_113_6.0_0.0.mxl,Debussy,Debussy_113_6.0_0.0,76,,,,note,A3,A,A,0,3,57,9,0.25,79.25002812507036
930,data\scores\Debussy\Debussy_113_6.0_0.0.mxl,Debussy,Debussy_113_6.0_0.0,76,,,,note,A3,A,A,0,3,57,9,0.25,79.25002812507036
931,data\scores\Debussy\Debussy_113_6.0_0.0.mxl,Debussy,Debussy_113_6.0_0.0,76,,,,rest,,,,,,,,0.125,78.50002625006567
932,data\scores\Debussy\Debussy_113_6.0_0.0.mxl,Debussy,Debussy_113_6.0_0.0,76,,,,note,Gb3,Gb,G,-1,3,54,6,0.125,78.87502718756802
933,data\scores\Debussy\Debussy_113_6.0_0.0.mxl,Debussy,Debussy_113_6.0_0.0,76,,,,note,F3,F,F,0,3,53,5,0.125,79.25002812507037
934,data\scores\Debussy\Debussy_113_6.0_0.0.mxl,Debussy,Debussy_113_6.0_0.0,76,,,,note,Eb3,Eb,E,-1,3,51,3,0.125,79.62502906257272
935,data\scores\Debussy\Debussy_113_6.0_0.0.mxl,Debussy,Debussy_113_6.0_0.0,77,,,,note,A3,A,A,0,3,57,9,0.5,80.00003000007507
936,data\scores\Debussy\Debussy_113_6.0_0.0.mxl,Debussy,Debussy_113_6.0_0.0,77,,,,note,F4,F,F,0,4,65,5,0.375,80.00003000007507
937,data\scores\Debussy\Debussy_113_6.0_0.0.mxl,Debussy,Debussy_113_6.0_0.0,77,,,,note,E4,E,E,0,4,64,4,0.125,81.1250328125821
938,data\scores\Debussy\Debussy_113_6.0_0.0.mxl,Debussy,Debussy_113_6.0_0.0,77,,,,note,Eb3,Eb,E,-1,3,51,3,0.25,80.00003000007509
939,data\scores\Debussy\Debussy_113_6.0_0.0.mxl,Debussy,Debussy_113_6.0_0.0,77,,,,note,C3,C,C,0,3,48,0,0.25,80.75003187507977
940,data\scores\Debussy\Debussy_113_6.0_0.0.mxl,Debussy,Debussy_113_6.0_0.0,78,,,,note,Bb3,Bb,B,-1,3,58,10,0.5,81.50003375008446
941,data\scores\Debussy\Debussy_113_6.0_0.0.mxl,Debussy,Debussy_113_6.0_0.0,78,,,,rest,,,,,,,,0.125,81.50003375008446
942,data\scores\Debussy\Debussy_113_6.0_0.0.mxl,Debussy,Debussy_113_6.0_0.0,78,,,,note,D5,D,D,0,5,74,2,0.0,0
943,data\scores\Debussy\Debussy_113_6.0_0.0.mxl,Debussy,Debussy_113_6.0_0.0,78,,,,note,Bb4,Bb,B,-1,4,70,10,0.125,81.75003375008446
944,data\scores\Debussy\Debussy_113_6.0_0.0.mxl,Debussy,Debussy_113_6.0_0.0,78,,,,note,Eb5,Eb,E,-1,5,75,3,0.125,81.75003375008446
945,data\scores\Debussy\Debussy_113_6.0_0.0.mxl,Debussy,Debussy_113_6.0_0.0,78,,,,note,C5,C,C,0,5,72,0,0.0,0
946,data\scores\Debussy\Debussy_113_6.0_0.0.mxl,Debussy,Debussy_113_6.0_0.0,78,,,,note,Bb4,Bb,B,-1,4,70,10,0.125,82.00003375008446
947,data\scores\Debussy\Debussy_113_6.0_0.0.mxl,Debussy,Debussy_113_6.0_0.0,78,,,,note,Db5,Db,D,-1,5,73,1,0.125,82.00003375008446
948,data\scores\Debussy\Debussy_113_6.0_0.0.mxl,Debussy,Debussy_113_6.0_0.0,78,,,,note,D5,D,D,0,5,74,2,0.0,0
949,data\scores\Debussy\Debussy_113_6.0_0.0.mxl,Debussy,Debussy_113_6.0_0.0,78,,,,note,Bb4,Bb,B,-1,4,70,10,0.125,82.25003375008446
950,data\scores\Debussy\Debussy_113_6.0_0.0.mxl,Debussy,Debussy_113_6.0_0.0,78,,,,note,Eb5,Eb,E,-1,5,75,3,0.125,82.25003375008446
951,data\scores\Debussy\Debussy_113_6.0_0.0.mxl,Debussy,Debussy_113_6.0_0.0,78,,,,note,Eb4,Eb,E,-1,4,63,3,0.5,81.50003375008446
952,data\scores\Debussy\Debussy_113_6.0_0.0.mxl,Debussy,Debussy_113_6.0_0.0,78,,,,note,Gb2,Gb,G,-1,2,42,6,0.5,81.50003375008446
953,data\scores\Debussy\Debussy_113_6.0_0.0.mxl,Debussy,Debussy_113_6.0_0.0,78,,,,note,Db3,Db,D,-1,3,49,1,0.5,81.50003375008446
954,data\scores\Debussy\Debussy_113_6.0_0.0.mxl,Debussy,Debussy_113_6.0_0.0,78,,,,rest,,,,,,,,0.125,81.50003375008446
955,data\scores\Debussy\Debussy_113_6.0_0.0.mxl,Debussy,Debussy_113_6.0_0.0,78,,,,note,Bb3,Bb,B,-1,3,58,10,0.125,81.75003375008446
956,data\scores\Debussy\Debussy_113_6.0_0.0.mxl,Debussy,Debussy_113_6.0_0.0,78,,,,note,Db4,Db,D,-1,4,61,1,0.125,81.75003375008446
957,data\scores\Debussy\Debussy_113_6.0_0.0.mxl,Debussy,Debussy_113_6.0_0.0,78,,,,note,Gb4,Gb,G,-1,4,66,6,0.125,81.75003375008446
958,data\scores\Debussy\Debussy_113_6.0_0.0.mxl,Debussy,Debussy_113_6.0_0.0,78,,,,note,Bb3,Bb,B,-1,3,58,10,0.125,82.00003375008446
959,data\scores\Debussy\Debussy_113_6.0_0.0.mxl,Debussy,Debussy_113_6.0_0.0,78,,,,note,Db4,Db,D,-1,4,61,1,0.125,82.00003375008446
960,data\scores\Debussy\Debussy_113_6.0_0.0.mxl,Debussy,Debussy_113_6.0_0.0,78,,,,note,F4,F,F,0,4,65,5,0.125,82.00003375008446
961,data\scores\Debussy\Debussy_113_6.0_0.0.mxl,Debussy,Debussy_113_6.0_0.0,78,,,,note,Bb3,Bb,B,-1,3,58,10,0.125,82.25003375008446
962,data\scores\Debussy\Debussy_113_6.0_0.0.mxl,Debussy,Debussy_113_6.0_0.0,78,,,,note,Db4,Db,D,-1,4,61,1,0.125,82.25003375008446
963,data\scores\Debussy\Debussy_113_6.0_0.0.mxl,Debussy,Debussy_113_6.0_0.0,78,,,,note,Eb4,Eb,E,-1,4,63,3,0.125,82.25003375008446
964,data\scores\Debussy\Debussy_113_6.0_0.0.mxl,Debussy,Debussy_113_6.0_0.0,79,,,,rest,,,,,,,,0.25,82.50003375008446
965,data\scores\Debussy\Debussy_113_6.0_0.0.mxl,Debussy,Debussy_113_6.0_0.0,79,,,,note,Db5,Db,D,-1,5,73,1,0.25,83.00003375008446
966,data\scores\Debussy\Debussy_113_6.0_0.0.mxl,Debussy,Debussy_113_6.0_0.0,79,,,,rest,,,,,,,,0.25,82.50003375008446
967,data\scores\Debussy\Debussy_113_6.0_0.0.mxl,Debussy,Debussy_113_6.0_0.0,79,,,,note,Db4,Db,D,-1,4,61,1,0.25,83.00003375008446
968,data\scores\Debussy\Debussy_113_6.0_0.0.mxl,Debussy,Debussy_113_6.0_0.0,80,,,,note,A5,A,A,0,5,81,9,0.125,83.50003375008446
969,data\scores\Debussy\Debussy_113_6.0_0.0.mxl,Debussy,Debussy_113_6.0_0.0,80,,,,note,Cb6,Cb,C,-1,6,95,11,0.25,83.75003375008446
970,data\scores\Debussy\Debussy_113_6.0_0.0.mxl,Debussy,Debussy_113_6.0_0.0,80,,,,note,Bb5,Bb,B,-1,5,82,10,0.125,84.25003375008446
971,data\scores\Debussy\Debussy_113_6.0_0.0.mxl,Debussy,Debussy_113_6.0_0.0,80,,,,note,A4,A,A,0,4,69,9,0.125,83.50003375008446
972,data\scores\Debussy\Debussy_113_6.0_0.0.mxl,Debussy,Debussy_113_6.0_0.0,80,,,,note,Cb5,Cb,C,-1,5,83,11,0.25,83.75003375008446
973,data\scores\Debussy\Debussy_113_6.0_0.0.mxl,Debussy,Debussy_113_6.0_0.0,80,,,,note,Bb4,Bb,B,-1,4,70,10,0.125,84.25003375008446
974,data\scores\Debussy\Debussy_113_6.0_0.0.mxl,Debussy,Debussy_113_6.0_0.0,81,,,,note,F5,F,F,0,5,77,5,0.0625,84.50003375008446
975,data\scores\Debussy\Debussy_113_6.0_0.0.mxl,Debussy,Debussy_113_6.0_0.0,81,,,,note,Ab5,Ab,A,-1,5,80,8,0.125,84.62503375008446
976,data\scores\Debussy\Debussy_113_6.0_0.0.mxl,Debussy,Debussy_113_6.0_0.0,81,,,,note,Gb5,Gb,G,-1,5,78,6,0.0625,84.87503375008446
977,data\scores\Debussy\Debussy_113_6.0_0.0.mxl,Debussy,Debussy_113_6.0_0.0,81,,,,note,Eb5,Eb,E,-1,5,75,3,0.25,85.00003375008446
978,data\scores\Debussy\Debussy_113_6.0_0.0.mxl,Debussy,Debussy_113_6.0_0.0,81,,,,note,Bb4,Bb,B,-1,4,70,10,0.125,84.50003375008446
979,data\scores\Debussy\Debussy_113_6.0_0.0.mxl,Debussy,Debussy_113_6.0_0.0,81,,,,note,Ab4,Ab,A,-1,4,68,8,0.125,84.75003375008446
980,data\scores\Debussy\Debussy_113_6.0_0.0.mxl,Debussy,Debussy_113_6.0_0.0,81,,,,note,Gb4,Gb,G,-1,4,66,6,0.125,85.00003375008446
981,data\scores\Debussy\Debussy_113_6.0_0.0.mxl,Debussy,Debussy_113_6.0_0.0,81,,,,note,F4,F,F,0,4,65,5,0.125,85.25003375008446
982,data\scores\Debussy\Debussy_113_6.0_0.0.mxl,Debussy,Debussy_113_6.0_0.0,81,,,,note,Cb3,Cb,C,-1,3,59,11,0.5,84.50003375008446
983,data\scores\Debussy\Debussy_113_6.0_0.0.mxl,Debussy,Debussy_113_6.0_0.0,81,,,,rest,,,,,,,,0.125,84.50003375008446
984,data\scores\Debussy\Debussy_113_6.0_0.0.mxl,Debussy,Debussy_113_6.0_0.0,81,,,,note,Gb3,Gb,G,-1,3,54,6,0.375,84.75003375008446
985,data\scores\Debussy\Debussy_113_6.0_0.0.mxl,Debussy,Debussy_113_6.0_0.0,81,,,,note,Ab3,Ab,A,-1,3,56,8,0.375,84.75003375008446
986,data\scores\Debussy\Debussy_113_6.0_0.0.mxl,Debussy,Debussy_113_6.0_0.0,81,,,,note,Cb4,Cb,C,-1,4,71,11,0.375,84.75003375008446
987,data\scores\Debussy\Debussy_113_6.0_0.0.mxl,Debussy,Debussy_113_6.0_0.0,81,,,,note,Eb4,Eb,E,-1,4,63,3,0.375,84.75003375008446
988,data\scores\Debussy\Debussy_113_6.0_0.0.mxl,Debussy,Debussy_113_6.0_0.0,82,,,,note,Bb4,Bb,B,-1,4,70,10,0.0625,85.50003375008446
989,data\scores\Debussy\Debussy_113_6.0_0.0.mxl,Debussy,Debussy_113_6.0_0.0,82,,,,note,Db5,Db,D,-1,5,73,1,0.125,85.62503375008446
990,data\scores\Debussy\Debussy_113_6.0_0.0.mxl,Debussy,Debussy_113_6.0_0.0,82,,,,note,Cb5,Cb,C,-1,5,83,11,0.0625,85.87503375008446
991,data\scores\Debussy\Debussy_113_6.0_0.0.mxl,Debussy,Debussy_113_6.0_0.0,82,,,,note,F4,F,F,0,4,65,5,0.1875,86.00003375008446
992,data\scores\Debussy\Debussy_113_6.0_0.0.mxl,Debussy,Debussy_113_6.0_0.0,82,,,,note,Gb4,Gb,G,-1,4,66,6,0.0625,86.37503375008446
993,data\scores\Debussy\Debussy_113_6.0_0.0.mxl,Debussy,Debussy_113_6.0_0.0,82,,,,note,Eb4,Eb,E,-1,4,63,3,0.125,85.50003375008446
994,data\scores\Debussy\Debussy_113_6.0_0.0.mxl,Debussy,Debussy_113_6.0_0.0,82,,,,note,Db4,Db,D,-1,4,61,1,0.125,85.75003375008446
995,data\scores\Debussy\Debussy_113_6.0_0.0.mxl,Debussy,Debussy_113_6.0_0.0,82,,,,note,Cb4,Cb,C,-1,4,71,11,0.08333333333333333,86.00003375008446
996,data\scores\Debussy\Debussy_113_6.0_0.0.mxl,Debussy,Debussy_113_6.0_0.0,82,,,,note,Bb3,Bb,B,-1,3,58,10,0.08333333333333333,86.16670041675113
997,data\scores\Debussy\Debussy_113_6.0_0.0.mxl,Debussy,Debussy_113_6.0_0.0,82,,,,note,Ab3,Ab,A,-1,3,56,8,0.08333333333333333,86.3333670834178
998,data\scores\Debussy\Debussy_113_6.0_0.0.mxl,Debussy,Debussy_113_6.0_0.0,83,,,,note,Gb3,Gb,G,-1,3,54,6,0.5,86.50003375008447
999,data\scores\Debussy\Debussy_113_6.0_0.0.mxl,Debussy,Debussy_113_6.0_0.0,83,,,,note,Cb4,Cb,C,-1,4,71,11,0.5,86.50003375008447
1000,data\scores\Debussy\Debussy_113_6.0_0.0.mxl,Debussy,Debussy_113_6.0_0.0,83,,,,note,Eb4,Eb,E,-1,4,63,3,0.5,86.50003375008447
1001,data\scores\Debussy\Debussy_113_6.0_0.0.mxl,Debussy,Debussy_113_6.0_0.0,83,,,,note,Bb2,Bb,B,-1,2,46,10,0.0625,86.50003375008447
1002,data\scores\Debussy\Debussy_113_6.0_0.0.mxl,Debussy,Debussy_113_6.0_0.0,83,,,,note,Db3,Db,D,-1,3,49,1,0.125,86.62503375008447
1003,data\scores\Debussy\Debussy_113_6.0_0.0.mxl,Debussy,Debussy_113_6.0_0.0,83,,,,note,Cb3,Cb,C,-1,3,59,11,0.0625,86.87503375008447
1004,data\scores\Debussy\Debussy_113_6.0_0.0.mxl,Debussy,Debussy_113_6.0_0.0,83,,,,note,Db2,Db,D,-1,2,37,1,0.25,87.00003375008447
1005,data\scores\Debussy\Debussy_113_6.0_0.0.mxl,Debussy,Debussy_113_6.0_0.0,84,,,,note,Gb3,Gb,G,-1,3,54,6,0.5,87.50003375008447
1006,data\scores\Debussy\Debussy_113_6.0_0.0.mxl,Debussy,Debussy_113_6.0_0.0,84,,,,note,Cb4,Cb,C,-1,4,71,11,0.5,87.50003375008447
1007,data\scores\Debussy\Debussy_113_6.0_0.0.mxl,Debussy,Debussy_113_6.0_0.0,84,,,,note,Eb4,Eb,E,-1,4,63,3,0.5,87.50003375008447
1008,data\scores\Debussy\Debussy_113_6.0_0.0.mxl,Debussy,Debussy_113_6.0_0.0,84,,,,note,Db2,Db,D,-1,2,37,1,0.0625,87.50003375008447
1009,data\scores\Debussy\Debussy_113_6.0_0.0.mxl,Debussy,Debussy_113_6.0_0.0,84,,,,note,Eb2,Eb,E,-1,2,39,3,0.125,87.62503375008447
1010,data\scores\Debussy\Debussy_113_6.0_0.0.mxl,Debussy,Debussy_113_6.0_0.0,84,,,,note,F2,F,F,0,2,41,5,0.0625,87.87503375008447
1011,data\scores\Debussy\Debussy_113_6.0_0.0.mxl,Debussy,Debussy_113_6.0_0.0,84,,,,note,Eb2,Eb,E,-1,2,39,3,0.125,88.00003375008447
1012,data\scores\Debussy\Debussy_113_6.0_0.0.mxl,Debussy,Debussy_113_6.0_0.0,84,,,,note,Db2,Db,D,-1,2,37,1,0.125,88.25003375008447
1013,data\scores\Debussy\Debussy_113_6.0_0.0.mxl,Debussy,Debussy_113_6.0_0.0,85,,,,note,Gb3,Gb,G,-1,3,54,6,0.5,88.50003375008447
1014,data\scores\Debussy\Debussy_113_6.0_0.0.mxl,Debussy,Debussy_113_6.0_0.0,85,,,,note,Cb4,Cb,C,-1,4,71,11,0.5,88.50003375008447
1015,data\scores\Debussy\Debussy_113_6.0_0.0.mxl,Debussy,Debussy_113_6.0_0.0,85,,,,note,Eb4,Eb,E,-1,4,63,3,0.5,88.50003375008447
1016,data\scores\Debussy\Debussy_113_6.0_0.0.mxl,Debussy,Debussy_113_6.0_0.0,85,,,,rest,,,,,,,,0.1875,88.50003375008447
1017,data\scores\Debussy\Debussy_113_6.0_0.0.mxl,Debussy,Debussy_113_6.0_0.0,85,,,,note,Bb4,Bb,B,-1,4,70,10,0.0625,88.87503375008447
1018,data\scores\Debussy\Debussy_113_6.0_0.0.mxl,Debussy,Debussy_113_6.0_0.0,85,,,,note,Ab4,Ab,A,-1,4,68,8,0.125,89.00003375008447
1019,data\scores\Debussy\Debussy_113_6.0_0.0.mxl,Debussy,Debussy_113_6.0_0.0,85,,,,note,Bb4,Bb,B,-1,4,70,10,0.125,89.25003375008447
1020,data\scores\Debussy\Debussy_113_6.0_0.0.mxl,Debussy,Debussy_113_6.0_0.0,85,,,,note,Db2,Db,D,-1,2,37,1,0.5,88.50003375008447
1021,data\scores\Debussy\Debussy_113_6.0_0.0.mxl,Debussy,Debussy_113_6.0_0.0,86,,,,note,Gb3,Gb,G,-1,3,54,6,0.5,89.50003375008447
1022,data\scores\Debussy\Debussy_113_6.0_0.0.mxl,Debussy,Debussy_113_6.0_0.0,86,,,,note,Cb4,Cb,C,-1,4,71,11,0.5,89.50003375008447
1023,data\scores\Debussy\Debussy_113_6.0_0.0.mxl,Debussy,Debussy_113_6.0_0.0,86,,,,note,Eb4,Eb,E,-1,4,63,3,0.5,89.50003375008447
1024,data\scores\Debussy\Debussy_113_6.0_0.0.mxl,Debussy,Debussy_113_6.0_0.0,86,,,,rest,,,,,,,,0.1875,89.50003375008447
1025,data\scores\Debussy\Debussy_113_6.0_0.0.mxl,Debussy,Debussy_113_6.0_0.0,86,,,,note,Bb4,Bb,B,-1,4,70,10,0.0625,89.87503375008447
1026,data\scores\Debussy\Debussy_113_6.0_0.0.mxl,Debussy,Debussy_113_6.0_0.0,86,,,,note,Ab4,Ab,A,-1,4,68,8,0.125,90.00003375008447
1027,data\scores\Debussy\Debussy_113_6.0_0.0.mxl,Debussy,Debussy_113_6.0_0.0,86,,,,note,Bb4,Bb,B,-1,4,70,10,0.125,90.25003375008447
1028,data\scores\Debussy\Debussy_113_6.0_0.0.mxl,Debussy,Debussy_113_6.0_0.0,86,,,,note,Db2,Db,D,-1,2,37,1,0.5,89.50003375008447
1029,data\scores\Debussy\Debussy_113_6.0_0.0.mxl,Debussy,Debussy_113_6.0_0.0,87,,,,note,Gb3,Gb,G,-1,3,54,6,0.5,90.50003375008447
1030,data\scores\Debussy\Debussy_113_6.0_0.0.mxl,Debussy,Debussy_113_6.0_0.0,87,,,,note,Cb4,Cb,C,-1,4,71,11,0.5,90.50003375008447
1031,data\scores\Debussy\Debussy_113_6.0_0.0.mxl,Debussy,Debussy_113_6.0_0.0,87,,,,note,Db4,Db,D,-1,4,61,1,0.5,90.50003375008447
1032,data\scores\Debussy\Debussy_113_6.0_0.0.mxl,Debussy,Debussy_113_6.0_0.0,87,,,,note,Bb2,Bb,B,-1,2,46,10,0.0625,90.50003375008447
1033,data\scores\Debussy\Debussy_113_6.0_0.0.mxl,Debussy,Debussy_113_6.0_0.0,87,,,,note,Db3,Db,D,-1,3,49,1,0.125,90.75003375008447
1034,data\scores\Debussy\Debussy_113_6.0_0.0.mxl,Debussy,Debussy_113_6.0_0.0,87,,,,note,Cb3,Cb,C,-1,3,59,11,0.0625,91.25003375008447
1035,data\scores\Debussy\Debussy_113_6.0_0.0.mxl,Debussy,Debussy_113_6.0_0.0,87,,,,note,Db2,Db,D,-1,2,37,1,0.0625,91.50003375008447
1036,data\scores\Debussy\Debussy_113_6.0_0.0.mxl,Debussy,Debussy_113_6.0_0.0,87,,,,note,Eb2,Eb,E,-1,2,39,3,0.125,91.75003375008447
1037,data\scores\Debussy\Debussy_113_6.0_0.0.mxl,Debussy,Debussy_113_6.0_0.0,87,,,,note,F2,F,F,0,2,41,5,0.0625,92.25003375008447
1038,data\scores\Debussy\Debussy_113_6.0_0.0.mxl,Debussy,Debussy_113_6.0_0.0,88,,,,note,F3,F,F,0,3,53,5,0.5,92.50003375008447
1039,data\scores\Debussy\Debussy_113_6.0_0.0.mxl,Debussy,Debussy_113_6.0_0.0,88,,,,note,Cb4,Cb,C,-1,4,71,11,0.5,92.50003375008447
1040,data\scores\Debussy\Debussy_113_6.0_0.0.mxl,Debussy,Debussy_113_6.0_0.0,88,,,,note,Db4,Db,D,-1,4,61,1,0.5,92.50003375008447
1041,data\scores\Debussy\Debussy_113_6.0_0.0.mxl,Debussy,Debussy_113_6.0_0.0,88,,,,rest,,,,,,,,0.1875,92.50003375008447
1042,data\scores\Debussy\Debussy_113_6.0_0.0.mxl,Debussy,Debussy_113_6.0_0.0,88,,,,note,Bb4,Bb,B,-1,4,70,10,0.0625,93.25003375008447
1043,data\scores\Debussy\Debussy_113_6.0_0.0.mxl,Debussy,Debussy_113_6.0_0.0,88,,,,note,Ab4,Ab,A,-1,4,68,8,0.125,93.50003375008447
1044,data\scores\Debussy\Debussy_113_6.0_0.0.mxl,Debussy,Debussy_113_6.0_0.0,88,,,,note,Bb4,Bb,B,-1,4,70,10,0.125,94.00003375008447
1045,data\scores\Debussy\Debussy_113_6.0_0.0.mxl,Debussy,Debussy_113_6.0_0.0,88,,,,note,Eb2,Eb,E,-1,2,39,3,0.125,92.50003375008447
1046,data\scores\Debussy\Debussy_113_6.0_0.0.mxl,Debussy,Debussy_113_6.0_0.0,88,,,,note,Db2,Db,D,-1,2,37,1,0.125,93.00003375008447
1047,data\scores\Debussy\Debussy_113_6.0_0.0.mxl,Debussy,Debussy_113_6.0_0.0,88,,,,note,Db2,Db,D,-1,2,37,1,0.25,93.50003375008447
1048,data\scores\Debussy\Debussy_113_6.0_0.0.mxl,Debussy,Debussy_113_6.0_0.0,89,,,,note,F3,F,F,0,3,53,5,0.5,94.50003375008447
1049,data\scores\Debussy\Debussy_113_6.0_0.0.mxl,Debussy,Debussy_113_6.0_0.0,89,,,,note,Cb4,Cb,C,-1,4,71,11,0.5,94.50003375008447
1050,data\scores\Debussy\Debussy_113_6.0_0.0.mxl,Debussy,Debussy_113_6.0_0.0,89,,,,note,Db4,Db,D,-1,4,61,1,0.5,94.50003375008447
1051,data\scores\Debussy\Debussy_113_6.0_0.0.mxl,Debussy,Debussy_113_6.0_0.0,89,,,,rest,,,,,,,,0.1875,94.50003375008447
1052,data\scores\Debussy\Debussy_113_6.0_0.0.mxl,Debussy,Debussy_113_6.0_0.0,89,,,,note,Bb4,Bb,B,-1,4,70,10,0.0625,95.25003375008447
1053,data\scores\Debussy\Debussy_113_6.0_0.0.mxl,Debussy,Debussy_113_6.0_0.0,89,,,,note,Ab4,Ab,A,-1,4,68,8,0.125,95.50003375008447
1054,data\scores\Debussy\Debussy_113_6.0_0.0.mxl,Debussy,Debussy_113_6.0_0.0,89,,,,note,Bb4,Bb,B,-1,4,70,10,0.125,96.00003375008447
1055,data\scores\Debussy\Debussy_113_6.0_0.0.mxl,Debussy,Debussy_113_6.0_0.0,89,,,,note,Db2,Db,D,-1,2,37,1,0.5,94.50003375008447
1056,data\scores\Debussy\Debussy_113_6.0_0.0.mxl,Debussy,Debussy_113_6.0_0.0,90,-3,major,96.50003375008447,note,Bb4,Bb,B,-1,4,70,10,0.0625,96.50003375008447
1057,data\scores\Debussy\Debussy_113_6.0_0.0.mxl,Debussy,Debussy_113_6.0_0.0,90,-3,major,96.50003375008447,note,Ab4,Ab,A,-1,4,68,8,0.125,96.75003375008447
1058,data\scores\Debussy\Debussy_113_6.0_0.0.mxl,Debussy,Debussy_113_6.0_0.0,90,-3,major,96.50003375008447,note,Bb4,Bb,B,-1,4,70,10,0.0625,97.25003375008447
1059,data\scores\Debussy\Debussy_113_6.0_0.0.mxl,Debussy,Debussy_113_6.0_0.0,90,-3,major,96.50003375008447,note,F4,F,F,0,4,65,5,0.125,97.50003375008447
1060,data\scores\Debussy\Debussy_113_6.0_0.0.mxl,Debussy,Debussy_113_6.0_0.0,90,-3,major,96.50003375008447,note,Bb4,Bb,B,-1,4,70,10,0.125,98.00003375008447
1061,data\scores\Debussy\Debussy_113_6.0_0.0.mxl,Debussy,Debussy_113_6.0_0.0,90,-3,major,96.50003375008447,rest,,,,,,,,0.25,96.50003375008447
1062,data\scores\Debussy\Debussy_113_6.0_0.0.mxl,Debussy,Debussy_113_6.0_0.0,91,,,,note,Ab4,Ab,A,-1,4,68,8,0.0625,98.50003375008447
1063,data\scores\Debussy\Debussy_113_6.0_0.0.mxl,Debussy,Debussy_113_6.0_0.0,91,,,,note,F4,F,F,0,4,65,5,0.125,98.75003375008447
1064,data\scores\Debussy\Debussy_113_6.0_0.0.mxl,Debussy,Debussy_113_6.0_0.0,91,,,,note,Eb4,Eb,E,-1,4,63,3,0.0625,99.25003375008447
1065,data\scores\Debussy\Debussy_113_6.0_0.0.mxl,Debussy,Debussy_113_6.0_0.0,91,,,,note,Cb4,Cb,C,-1,4,71,11,0.125,99.50003375008447
1066,data\scores\Debussy\Debussy_113_6.0_0.0.mxl,Debussy,Debussy_113_6.0_0.0,91,,,,note,Eb4,Eb,E,-1,4,63,3,0.125,100.00003375008447
1067,data\scores\Debussy\Debussy_113_6.0_0.0.mxl,Debussy,Debussy_113_6.0_0.0,91,,,,rest,,,,,,,,0.25,98.50003375008447
1068,data\scores\Debussy\Debussy_113_6.0_0.0.mxl,Debussy,Debussy_113_6.0_0.0,92,,,,note,Bb3,Bb,B,-1,3,58,10,0.0625,100.50003375008447
1069,data\scores\Debussy\Debussy_113_6.0_0.0.mxl,Debussy,Debussy_113_6.0_0.0,92,,,,note,Bb3,Bb,B,-1,3,58,10,0.125,100.62503375008447
1070,data\scores\Debussy\Debussy_113_6.0_0.0.mxl,Debussy,Debussy_113_6.0_0.0,92,,,,note,C4,C,C,0,4,60,0,0.0625,100.87503375008447
1071,data\scores\Debussy\Debussy_113_6.0_0.0.mxl,Debussy,Debussy_113_6.0_0.0,92,,,,note,Bb3,Bb,B,-1,3,58,10,0.125,101.00003375008447
1072,data\scores\Debussy\Debussy_113_6.0_0.0.mxl,Debussy,Debussy_113_6.0_0.0,92,,,,note,Eb4,Eb,E,-1,4,63,3,0.125,101.25003375008447
1073,data\scores\Debussy\Debussy_113_6.0_0.0.mxl,Debussy,Debussy_113_6.0_0.0,92,,,,note,Bb4,Bb,B,-1,4,70,10,0.125,101.25003375008447
1074,data\scores\Debussy\Debussy_113_6.0_0.0.mxl,Debussy,Debussy_113_6.0_0.0,92,,,,note,Eb2,Eb,E,-1,2,39,3,0.125,100.50003375008447
1075,data\scores\Debussy\Debussy_113_6.0_0.0.mxl,Debussy,Debussy_113_6.0_0.0,92,,,,note,Bb2,Bb,B,-1,2,46,10,0.125,100.50003375008447
1076,data\scores\Debussy\Debussy_113_6.0_0.0.mxl,Debussy,Debussy_113_6.0_0.0,92,,,,note,F3,F,F,0,3,53,5,0.125,100.75003375008447
1077,data\scores\Debussy\Debussy_113_6.0_0.0.mxl,Debussy,Debussy_113_6.0_0.0,92,,,,note,G3,G,G,0,3,55,7,0.125,100.75003375008447
1078,data\scores\Debussy\Debussy_113_6.0_0.0.mxl,Debussy,Debussy_113_6.0_0.0,92,,,,note,Eb2,Eb,E,-1,2,39,3,0.125,101.00003375008447
1079,data\scores\Debussy\Debussy_113_6.0_0.0.mxl,Debussy,Debussy_113_6.0_0.0,92,,,,note,Bb2,Bb,B,-1,2,46,10,0.125,101.00003375008447
1080,data\scores\Debussy\Debussy_113_6.0_0.0.mxl,Debussy,Debussy_113_6.0_0.0,92,,,,note,F3,F,F,0,3,53,5,0.125,101.25003375008447
1081,data\scores\Debussy\Debussy_113_6.0_0.0.mxl,Debussy,Debussy_113_6.0_0.0,92,,,,note,G3,G,G,0,3,55,7,0.125,101.25003375008447
1082,data\scores\Debussy\Debussy_113_6.0_0.0.mxl,Debussy,Debussy_113_6.0_0.0,93,,,,note,Bb3,Bb,B,-1,3,58,10,0.5,101.50003375008447
1083,data\scores\Debussy\Debussy_113_6.0_0.0.mxl,Debussy,Debussy_113_6.0_0.0,93,,,,note,Eb2,Eb,E,-1,2,39,3,0.125,101.50003375008447
1084,data\scores\Debussy\Debussy_113_6.0_0.0.mxl,Debussy,Debussy_113_6.0_0.0,93,,,,note,Bb2,Bb,B,-1,2,46,10,0.125,101.50003375008447
1085,data\scores\Debussy\Debussy_113_6.0_0.0.mxl,Debussy,Debussy_113_6.0_0.0,93,,,,note,F3,F,F,0,3,53,5,0.125,101.75003375008447
1086,data\scores\Debussy\Debussy_113_6.0_0.0.mxl,Debussy,Debussy_113_6.0_0.0,93,,,,note,G3,G,G,0,3,55,7,0.125,101.75003375008447
1087,data\scores\Debussy\Debussy_113_6.0_0.0.mxl,Debussy,Debussy_113_6.0_0.0,93,,,,note,Eb2,Eb,E,-1,2,39,3,0.125,102.00003375008447
1088,data\scores\Debussy\Debussy_113_6.0_0.0.mxl,Debussy,Debussy_113_6.0_0.0,93,,,,note,Bb2,Bb,B,-1,2,46,10,0.125,102.00003375008447
1089,data\scores\Debussy\Debussy_113_6.0_0.0.mxl,Debussy,Debussy_113_6.0_0.0,93,,,,note,F3,F,F,0,3,53,5,0.125,102.25003375008447
1090,data\scores\Debussy\Debussy_113_6.0_0.0.mxl,Debussy,Debussy_113_6.0_0.0,93,,,,note,G3,G,G,0,3,55,7,0.125,102.25003375008447
1091,data\scores\Debussy\Debussy_113_6.0_0.0.mxl,Debussy,Debussy_113_6.0_0.0,94,,,,note,Bb3,Bb,B,-1,3,58,10,0.0625,102.50003375008447
1092,data\scores\Debussy\Debussy_113_6.0_0.0.mxl,Debussy,Debussy_113_6.0_0.0,94,,,,note,Ab3,Ab,A,-1,3,56,8,0.125,102.62503375008447
1093,data\scores\Debussy\Debussy_113_6.0_0.0.mxl,Debussy,Debussy_113_6.0_0.0,94,,,,note,Bb3,Bb,B,-1,3,58,10,0.0625,102.87503375008447
1094,data\scores\Debussy\Debussy_113_6.0_0.0.mxl,Debussy,Debussy_113_6.0_0.0,94,,,,note,C4,C,C,0,4,60,0,0.125,103.00003375008447
1095,data\scores\Debussy\Debussy_113_6.0_0.0.mxl,Debussy,Debussy_113_6.0_0.0,94,,,,note,Ab3,Ab,A,-1,3,56,8,0.125,103.25003375008447
1096,data\scores\Debussy\Debussy_113_6.0_0.0.mxl,Debussy,Debussy_113_6.0_0.0,94,,,,note,Eb2,Eb,E,-1,2,39,3,0.125,102.50003375008447
1097,data\scores\Debussy\Debussy_113_6.0_0.0.mxl,Debussy,Debussy_113_6.0_0.0,94,,,,note,Bb2,Bb,B,-1,2,46,10,0.125,102.50003375008447
1098,data\scores\Debussy\Debussy_113_6.0_0.0.mxl,Debussy,Debussy_113_6.0_0.0,94,,,,note,Eb3,Eb,E,-1,3,51,3,0.125,102.75003375008447
1099,data\scores\Debussy\Debussy_113_6.0_0.0.mxl,Debussy,Debussy_113_6.0_0.0,94,,,,note,F3,F,F,0,3,53,5,0.125,102.75003375008447
1100,data\scores\Debussy\Debussy_113_6.0_0.0.mxl,Debussy,Debussy_113_6.0_0.0,94,,,,note,Eb2,Eb,E,-1,2,39,3,0.125,103.00003375008447
1101,data\scores\Debussy\Debussy_113_6.0_0.0.mxl,Debussy,Debussy_113_6.0_0.0,94,,,,note,Bb2,Bb,B,-1,2,46,10,0.125,103.00003375008447
1102,data\scores\Debussy\Debussy_113_6.0_0.0.mxl,Debussy,Debussy_113_6.0_0.0,94,,,,note,Eb3,Eb,E,-1,3,51,3,0.125,103.25003375008447
1103,data\scores\Debussy\Debussy_113_6.0_0.0.mxl,Debussy,Debussy_113_6.0_0.0,94,,,,note,F3,F,F,0,3,53,5,0.125,103.25003375008447
1104,data\scores\Debussy\Debussy_113_6.0_0.0.mxl,Debussy,Debussy_113_6.0_0.0,95,,,,note,Bb3,Bb,B,-1,3,58,10,0.0625,103.50003375008447
1105,data\scores\Debussy\Debussy_113_6.0_0.0.mxl,Debussy,Debussy_113_6.0_0.0,95,,,,note,Ab3,Ab,A,-1,3,56,8,0.125,103.62503375008447
1106,data\scores\Debussy\Debussy_113_6.0_0.0.mxl,Debussy,Debussy_113_6.0_0.0,95,,,,note,Bb3,Bb,B,-1,3,58,10,0.0625,103.87503375008447
1107,data\scores\Debussy\Debussy_113_6.0_0.0.mxl,Debussy,Debussy_113_6.0_0.0,95,,,,note,Cb4,Cb,C,-1,4,71,11,0.125,104.00003375008447
1108,data\scores\Debussy\Debussy_113_6.0_0.0.mxl,Debussy,Debussy_113_6.0_0.0,95,,,,note,Ab3,Ab,A,-1,3,56,8,0.125,104.25003375008447
1109,data\scores\Debussy\Debussy_113_6.0_0.0.mxl,Debussy,Debussy_113_6.0_0.0,95,,,,note,Eb2,Eb,E,-1,2,39,3,0.125,103.50003375008447
1110,data\scores\Debussy\Debussy_113_6.0_0.0.mxl,Debussy,Debussy_113_6.0_0.0,95,,,,note,Bb2,Bb,B,-1,2,46,10,0.125,103.50003375008447
1111,data\scores\Debussy\Debussy_113_6.0_0.0.mxl,Debussy,Debussy_113_6.0_0.0,95,,,,note,Eb3,Eb,E,-1,3,51,3,0.125,103.75003375008447
1112,data\scores\Debussy\Debussy_113_6.0_0.0.mxl,Debussy,Debussy_113_6.0_0.0,95,,,,note,F3,F,F,0,3,53,5,0.125,103.75003375008447
1113,data\scores\Debussy\Debussy_113_6.0_0.0.mxl,Debussy,Debussy_113_6.0_0.0,95,,,,note,Eb2,Eb,E,-1,2,39,3,0.125,104.00003375008447
1114,data\scores\Debussy\Debussy_113_6.0_0.0.mxl,Debussy,Debussy_113_6.0_0.0,95,,,,note,Bb2,Bb,B,-1,2,46,10,0.125,104.00003375008447
1115,data\scores\Debussy\Debussy_113_6.0_0.0.mxl,Debussy,Debussy_113_6.0_0.0,95,,,,note,Eb3,Eb,E,-1,3,51,3,0.125,104.25003375008447
1116,data\scores\Debussy\Debussy_113_6.0_0.0.mxl,Debussy,Debussy_113_6.0_0.0,95,,,,note,F3,F,F,0,3,53,5,0.125,104.25003375008447
1117,data\scores\Debussy\Debussy_113_6.0_0.0.mxl,Debussy,Debussy_113_6.0_0.0,96,,,,note,Bb3,Bb,B,-1,3,58,10,0.0625,104.50003375008447
1118,data\scores\Debussy\Debussy_113_6.0_0.0.mxl,Debussy,Debussy_113_6.0_0.0,96,,,,note,G3,G,G,0,3,55,7,0.125,104.62503375008447
1119,data\scores\Debussy\Debussy_113_6.0_0.0.mxl,Debussy,Debussy_113_6.0_0.0,96,,,,note,F3,F,F,0,3,53,5,0.0625,104.87503375008447
1120,data\scores\Debussy\Debussy_113_6.0_0.0.mxl,Debussy,Debussy_113_6.0_0.0,96,,,,note,Eb3,Eb,E,-1,3,51,3,0.125,105.00003375008447
1121,data\scores\Debussy\Debussy_113_6.0_0.0.mxl,Debussy,Debussy_113_6.0_0.0,96,,,,note,D3,D,D,0,3,50,2,0.125,105.25003375008447
1122,data\scores\Debussy\Debussy_113_6.0_0.0.mxl,Debussy,Debussy_113_6.0_0.0,96,,,,note,Bb2,Bb,B,-1,2,46,10,0.0625,104.50003375008447
1123,data\scores\Debussy\Debussy_113_6.0_0.0.mxl,Debussy,Debussy_113_6.0_0.0,96,,,,note,G2,G,G,0,2,43,7,0.125,104.62503375008447
1124,data\scores\Debussy\Debussy_113_6.0_0.0.mxl,Debussy,Debussy_113_6.0_0.0,96,,,,note,F2,F,F,0,2,41,5,0.0625,104.87503375008447
1125,data\scores\Debussy\Debussy_113_6.0_0.0.mxl,Debussy,Debussy_113_6.0_0.0,96,,,,note,Eb2,Eb,E,-1,2,39,3,0.125,105.00003375008447
1126,data\scores\Debussy\Debussy_113_6.0_0.0.mxl,Debussy,Debussy_113_6.0_0.0,96,,,,note,D2,D,D,0,2,38,2,0.125,105.25003375008447
1127,data\scores\Debussy\Debussy_113_6.0_0.0.mxl,Debussy,Debussy_113_6.0_0.0,97,,,,note,C3,C,C,0,3,48,0,0.125,105.50003375008447
1128,data\scores\Debussy\Debussy_113_6.0_0.0.mxl,Debussy,Debussy_113_6.0_0.0,97,,,,note,G2,G,G,0,2,43,7,0.125,105.75003375008447
1129,data\scores\Debussy\Debussy_113_6.0_0.0.mxl,Debussy,Debussy_113_6.0_0.0,97,,,,note,C3,C,C,0,3,48,0,0.125,106.00003375008447
1130,data\scores\Debussy\Debussy_113_6.0_0.0.mxl,Debussy,Debussy_113_6.0_0.0,97,,,,note,D3,D,D,0,3,50,2,0.125,106.25003375008447
1131,data\scores\Debussy\Debussy_113_6.0_0.0.mxl,Debussy,Debussy_113_6.0_0.0,97,,,,note,C2,C,C,0,2,36,0,0.125,105.50003375008447
1132,data\scores\Debussy\Debussy_113_6.0_0.0.mxl,Debussy,Debussy_113_6.0_0.0,97,,,,note,G1,G,G,0,1,31,7,0.125,105.75003375008447
1133,data\scores\Debussy\Debussy_113_6.0_0.0.mxl,Debussy,Debussy_113_6.0_0.0,97,,,,note,C2,C,C,0,2,36,0,0.125,106.00003375008447
1134,data\scores\Debussy\Debussy_113_6.0_0.0.mxl,Debussy,Debussy_113_6.0_0.0,97,,,,note,D2,D,D,0,2,38,2,0.125,106.25003375008447
1135,data\scores\Debussy\Debussy_113_6.0_0.0.mxl,Debussy,Debussy_113_6.0_0.0,98,,,,note,Bb4,Bb,B,-1,4,70,10,0.0625,106.50003375008447
1136,data\scores\Debussy\Debussy_113_6.0_0.0.mxl,Debussy,Debussy_113_6.0_0.0,98,,,,note,Ab4,Ab,A,-1,4,68,8,0.125,106.62503375008447
1137,data\scores\Debussy\Debussy_113_6.0_0.0.mxl,Debussy,Debussy_113_6.0_0.0,98,,,,note,Bb4,Bb,B,-1,4,70,10,0.0625,106.87503375008447
1138,data\scores\Debussy\Debussy_113_6.0_0.0.mxl,Debussy,Debussy_113_6.0_0.0,98,,,,note,F4,F,F,0,4,65,5,0.125,107.00003375008447
1139,data\scores\Debussy\Debussy_113_6.0_0.0.mxl,Debussy,Debussy_113_6.0_0.0,98,,,,note,Bb4,Bb,B,-1,4,70,10,0.125,107.25003375008447
1140,data\scores\Debussy\Debussy_113_6.0_0.0.mxl,Debussy,Debussy_113_6.0_0.0,98,,,,rest,,,,,,,,0.125,106.50003375008447
1141,data\scores\Debussy\Debussy_113_6.0_0.0.mxl,Debussy,Debussy_113_6.0_0.0,98,,,,note,Cb4,Cb,C,-1,4,71,11,0.125,106.75003375008447
1142,data\scores\Debussy\Debussy_113_6.0_0.0.mxl,Debussy,Debussy_113_6.0_0.0,98,,,,note,Eb4,Eb,E,-1,4,63,3,0.125,106.75003375008447
1143,data\scores\Debussy\Debussy_113_6.0_0.0.mxl,Debussy,Debussy_113_6.0_0.0,98,,,,rest,,,,,,,,0.125,107.00003375008447
1144,data\scores\Debussy\Debussy_113_6.0_0.0.mxl,Debussy,Debussy_113_6.0_0.0,98,,,,note,Cb4,Cb,C,-1,4,71,11,0.125,107.25003375008447
1145,data\scores\Debussy\Debussy_113_6.0_0.0.mxl,Debussy,Debussy_113_6.0_0.0,98,,,,note,Eb4,Eb,E,-1,4,63,3,0.125,107.25003375008447
1146,data\scores\Debussy\Debussy_113_6.0_0.0.mxl,Debussy,Debussy_113_6.0_0.0,98,,,,note,Eb2,Eb,E,-1,2,39,3,0.125,106.50003375008447
1147,data\scores\Debussy\Debussy_113_6.0_0.0.mxl,Debussy,Debussy_113_6.0_0.0,98,,,,note,Bb2,Bb,B,-1,2,46,10,0.125,106.50003375008447
1148,data\scores\Debussy\Debussy_113_6.0_0.0.mxl,Debussy,Debussy_113_6.0_0.0,98,,,,note,F3,F,F,0,3,53,5,0.125,106.75003375008447
1149,data\scores\Debussy\Debussy_113_6.0_0.0.mxl,Debussy,Debussy_113_6.0_0.0,98,,,,note,Ab3,Ab,A,-1,3,56,8,0.125,106.75003375008447
1150,data\scores\Debussy\Debussy_113_6.0_0.0.mxl,Debussy,Debussy_113_6.0_0.0,98,,,,note,Eb2,Eb,E,-1,2,39,3,0.125,107.00003375008447
1151,data\scores\Debussy\Debussy_113_6.0_0.0.mxl,Debussy,Debussy_113_6.0_0.0,98,,,,note,Bb2,Bb,B,-1,2,46,10,0.125,107.00003375008447
1152,data\scores\Debussy\Debussy_113_6.0_0.0.mxl,Debussy,Debussy_113_6.0_0.0,98,,,,note,F3,F,F,0,3,53,5,0.125,107.25003375008447
1153,data\scores\Debussy\Debussy_113_6.0_0.0.mxl,Debussy,Debussy_113_6.0_0.0,98,,,,note,Ab3,Ab,A,-1,3,56,8,0.125,107.25003375008447
1154,data\scores\Debussy\Debussy_113_6.0_0.0.mxl,Debussy,Debussy_113_6.0_0.0,99,,,,note,Ab4,Ab,A,-1,4,68,8,0.0625,107.50003375008447
1155,data\scores\Debussy\Debussy_113_6.0_0.0.mxl,Debussy,Debussy_113_6.0_0.0,99,,,,note,F4,F,F,0,4,65,5,0.125,107.62503375008447
1156,data\scores\Debussy\Debussy_113_6.0_0.0.mxl,Debussy,Debussy_113_6.0_0.0,99,,,,note,Eb4,Eb,E,-1,4,63,3,0.0625,107.87503375008447
1157,data\scores\Debussy\Debussy_113_6.0_0.0.mxl,Debussy,Debussy_113_6.0_0.0,99,,,,note,Cb4,Cb,C,-1,4,71,11,0.125,108.00003375008447
1158,data\scores\Debussy\Debussy_113_6.0_0.0.mxl,Debussy,Debussy_113_6.0_0.0,99,,,,note,Eb4,Eb,E,-1,4,63,3,0.125,108.25003375008447
1159,data\scores\Debussy\Debussy_113_6.0_0.0.mxl,Debussy,Debussy_113_6.0_0.0,99,,,,rest,,,,,,,,0.125,107.50003375008447
1160,data\scores\Debussy\Debussy_113_6.0_0.0.mxl,Debussy,Debussy_113_6.0_0.0,99,,,,note,Cb4,Cb,C,-1,4,71,11,0.125,107.75003375008447
1161,data\scores\Debussy\Debussy_113_6.0_0.0.mxl,Debussy,Debussy_113_6.0_0.0,99,,,,rest,,,,,,,,0.125,108.00003375008447
1162,data\scores\Debussy\Debussy_113_6.0_0.0.mxl,Debussy,Debussy_113_6.0_0.0,99,,,,note,Cb4,Cb,C,-1,4,71,11,0.125,108.25003375008447
1163,data\scores\Debussy\Debussy_113_6.0_0.0.mxl,Debussy,Debussy_113_6.0_0.0,99,,,,note,Eb2,Eb,E,-1,2,39,3,0.125,107.50003375008447
1164,data\scores\Debussy\Debussy_113_6.0_0.0.mxl,Debussy,Debussy_113_6.0_0.0,99,,,,note,Bb2,Bb,B,-1,2,46,10,0.125,107.50003375008447
1165,data\scores\Debussy\Debussy_113_6.0_0.0.mxl,Debussy,Debussy_113_6.0_0.0,99,,,,note,F3,F,F,0,3,53,5,0.125,107.75003375008447
1166,data\scores\Debussy\Debussy_113_6.0_0.0.mxl,Debussy,Debussy_113_6.0_0.0,99,,,,note,Ab3,Ab,A,-1,3,56,8,0.125,107.75003375008447
1167,data\scores\Debussy\Debussy_113_6.0_0.0.mxl,Debussy,Debussy_113_6.0_0.0,99,,,,note,Eb2,Eb,E,-1,2,39,3,0.125,108.00003375008447
1168,data\scores\Debussy\Debussy_113_6.0_0.0.mxl,Debussy,Debussy_113_6.0_0.0,99,,,,note,Bb2,Bb,B,-1,2,46,10,0.125,108.00003375008447
1169,data\scores\Debussy\Debussy_113_6.0_0.0.mxl,Debussy,Debussy_113_6.0_0.0,99,,,,note,F3,F,F,0,3,53,5,0.125,108.25003375008447
1170,data\scores\Debussy\Debussy_113_6.0_0.0.mxl,Debussy,Debussy_113_6.0_0.0,99,,,,note,Ab3,Ab,A,-1,3,56,8,0.125,108.25003375008447
1171,data\scores\Debussy\Debussy_113_6.0_0.0.mxl,Debussy,Debussy_113_6.0_0.0,100,,,,note,Bb3,Bb,B,-1,3,58,10,0.0625,108.50003375008447
1172,data\scores\Debussy\Debussy_113_6.0_0.0.mxl,Debussy,Debussy_113_6.0_0.0,100,,,,note,Bb3,Bb,B,-1,3,58,10,0.125,108.62503375008447
1173,data\scores\Debussy\Debussy_113_6.0_0.0.mxl,Debussy,Debussy_113_6.0_0.0,100,,,,note,C4,C,C,0,4,60,0,0.0625,108.87503375008447
1174,data\scores\Debussy\Debussy_113_6.0_0.0.mxl,Debussy,Debussy_113_6.0_0.0,100,,,,note,Bb3,Bb,B,-1,3,58,10,0.125,109.00003375008447
1175,data\scores\Debussy\Debussy_113_6.0_0.0.mxl,Debussy,Debussy_113_6.0_0.0,100,,,,note,Eb4,Eb,E,-1,4,63,3,0.125,109.25003375008447
1176,data\scores\Debussy\Debussy_113_6.0_0.0.mxl,Debussy,Debussy_113_6.0_0.0,100,,,,note,Bb4,Bb,B,-1,4,70,10,0.125,109.25003375008447
1177,data\scores\Debussy\Debussy_113_6.0_0.0.mxl,Debussy,Debussy_113_6.0_0.0,100,,,,note,Eb2,Eb,E,-1,2,39,3,0.125,108.50003375008447
1178,data\scores\Debussy\Debussy_113_6.0_0.0.mxl,Debussy,Debussy_113_6.0_0.0,100,,,,note,Bb2,Bb,B,-1,2,46,10,0.125,108.50003375008447
1179,data\scores\Debussy\Debussy_113_6.0_0.0.mxl,Debussy,Debussy_113_6.0_0.0,100,,,,note,F3,F,F,0,3,53,5,0.125,108.75003375008447
1180,data\scores\Debussy\Debussy_113_6.0_0.0.mxl,Debussy,Debussy_113_6.0_0.0,100,,,,note,G3,G,G,0,3,55,7,0.125,108.75003375008447
1181,data\scores\Debussy\Debussy_113_6.0_0.0.mxl,Debussy,Debussy_113_6.0_0.0,100,,,,note,Eb2,Eb,E,-1,2,39,3,0.125,109.00003375008447
1182,data\scores\Debussy\Debussy_113_6.0_0.0.mxl,Debussy,Debussy_113_6.0_0.0,100,,,,note,Bb2,Bb,B,-1,2,46,10,0.125,109.00003375008447
1183,data\scores\Debussy\Debussy_113_6.0_0.0.mxl,Debussy,Debussy_113_6.0_0.0,100,,,,note,F3,F,F,0,3,53,5,0.125,109.25003375008447
1184,data\scores\Debussy\Debussy_113_6.0_0.0.mxl,Debussy,Debussy_113_6.0_0.0,100,,,,note,G3,G,G,0,3,55,7,0.125,109.25003375008447
1185,data\scores\Debussy\Debussy_113_6.0_0.0.mxl,Debussy,Debussy_113_6.0_0.0,101,,,,note,Bb3,Bb,B,-1,3,58,10,0.5,109.50003375008447
1186,data\scores\Debussy\Debussy_113_6.0_0.0.mxl,Debussy,Debussy_113_6.0_0.0,101,,,,note,Eb2,Eb,E,-1,2,39,3,0.125,109.50003375008447
1187,data\scores\Debussy\Debussy_113_6.0_0.0.mxl,Debussy,Debussy_113_6.0_0.0,101,,,,note,Bb2,Bb,B,-1,2,46,10,0.125,109.50003375008447
1188,data\scores\Debussy\Debussy_113_6.0_0.0.mxl,Debussy,Debussy_113_6.0_0.0,101,,,,note,F3,F,F,0,3,53,5,0.125,109.75003375008447
1189,data\scores\Debussy\Debussy_113_6.0_0.0.mxl,Debussy,Debussy_113_6.0_0.0,101,,,,note,G3,G,G,0,3,55,7,0.125,109.75003375008447
1190,data\scores\Debussy\Debussy_113_6.0_0.0.mxl,Debussy,Debussy_113_6.0_0.0,101,,,,note,Eb2,Eb,E,-1,2,39,3,0.125,110.00003375008447
1191,data\scores\Debussy\Debussy_113_6.0_0.0.mxl,Debussy,Debussy_113_6.0_0.0,101,,,,note,Bb2,Bb,B,-1,2,46,10,0.125,110.00003375008447
1192,data\scores\Debussy\Debussy_113_6.0_0.0.mxl,Debussy,Debussy_113_6.0_0.0,101,,,,note,F3,F,F,0,3,53,5,0.125,110.25003375008447
1193,data\scores\Debussy\Debussy_113_6.0_0.0.mxl,Debussy,Debussy_113_6.0_0.0,101,,,,note,G3,G,G,0,3,55,7,0.125,110.25003375008447
1194,data\scores\Debussy\Debussy_113_6.0_0.0.mxl,Debussy,Debussy_113_6.0_0.0,102,,,,note,Bb3,Bb,B,-1,3,58,10,0.0625,110.50003375008447
1195,data\scores\Debussy\Debussy_113_6.0_0.0.mxl,Debussy,Debussy_113_6.0_0.0,102,,,,note,Bb3,Bb,B,-1,3,58,10,0.125,110.62503375008447
1196,data\scores\Debussy\Debussy_113_6.0_0.0.mxl,Debussy,Debussy_113_6.0_0.0,102,,,,note,C4,C,C,0,4,60,0,0.0625,110.87503375008447
1197,data\scores\Debussy\Debussy_113_6.0_0.0.mxl,Debussy,Debussy_113_6.0_0.0,102,,,,note,Bb3,Bb,B,-1,3,58,10,0.125,111.00003375008447
1198,data\scores\Debussy\Debussy_113_6.0_0.0.mxl,Debussy,Debussy_113_6.0_0.0,102,,,,note,Db4,Db,D,-1,4,61,1,0.125,111.25003375008447
1199,data\scores\Debussy\Debussy_113_6.0_0.0.mxl,Debussy,Debussy_113_6.0_0.0,102,,,,note,Gb2,Gb,G,-1,2,42,6,0.125,110.50003375008447
1200,data\scores\Debussy\Debussy_113_6.0_0.0.mxl,Debussy,Debussy_113_6.0_0.0,102,,,,note,Db3,Db,D,-1,3,49,1,0.125,110.50003375008447
1201,data\scores\Debussy\Debussy_113_6.0_0.0.mxl,Debussy,Debussy_113_6.0_0.0,102,,,,note,Db3,Db,D,-1,3,49,1,0.125,110.75003375008447
1202,data\scores\Debussy\Debussy_113_6.0_0.0.mxl,Debussy,Debussy_113_6.0_0.0,102,,,,note,Gb3,Gb,G,-1,3,54,6,0.125,110.75003375008447
1203,data\scores\Debussy\Debussy_113_6.0_0.0.mxl,Debussy,Debussy_113_6.0_0.0,102,,,,note,Ab3,Ab,A,-1,3,56,8,0.125,110.75003375008447
1204,data\scores\Debussy\Debussy_113_6.0_0.0.mxl,Debussy,Debussy_113_6.0_0.0,102,,,,note,Gb2,Gb,G,-1,2,42,6,0.125,111.00003375008447
1205,data\scores\Debussy\Debussy_113_6.0_0.0.mxl,Debussy,Debussy_113_6.0_0.0,102,,,,note,Db3,Db,D,-1,3,49,1,0.125,111.00003375008447
1206,data\scores\Debussy\Debussy_113_6.0_0.0.mxl,Debussy,Debussy_113_6.0_0.0,102,,,,note,Db3,Db,D,-1,3,49,1,0.125,111.25003375008447
1207,data\scores\Debussy\Debussy_113_6.0_0.0.mxl,Debussy,Debussy_113_6.0_0.0,102,,,,note,G3,G,G,0,3,55,7,0.125,111.25003375008447
1208,data\scores\Debussy\Debussy_113_6.0_0.0.mxl,Debussy,Debussy_113_6.0_0.0,102,,,,note,Ab3,Ab,A,-1,3,56,8,0.125,111.25003375008447
1209,data\scores\Debussy\Debussy_113_6.0_0.0.mxl,Debussy,Debussy_113_6.0_0.0,103,,,,note,Eb4,Eb,E,-1,4,63,3,0.125,111.50003375008447
1210,data\scores\Debussy\Debussy_113_6.0_0.0.mxl,Debussy,Debussy_113_6.0_0.0,103,,,,note,F4,F,F,0,4,65,5,0.125,111.75003375008447
1211,data\scores\Debussy\Debussy_113_6.0_0.0.mxl,Debussy,Debussy_113_6.0_0.0,103,,,,note,Eb4,Eb,E,-1,4,63,3,0.125,112.00003375008447
1212,data\scores\Debussy\Debussy_113_6.0_0.0.mxl,Debussy,Debussy_113_6.0_0.0,103,,,,note,Gb4,Gb,G,-1,4,66,6,0.125,112.25003375008447
1213,data\scores\Debussy\Debussy_113_6.0_0.0.mxl,Debussy,Debussy_113_6.0_0.0,103,,,,note,Gb2,Gb,G,-1,2,42,6,0.125,111.50003375008447
1214,data\scores\Debussy\Debussy_113_6.0_0.0.mxl,Debussy,Debussy_113_6.0_0.0,103,,,,note,Db3,Db,D,-1,3,49,1,0.125,111.50003375008447
1215,data\scores\Debussy\Debussy_113_6.0_0.0.mxl,Debussy,Debussy_113_6.0_0.0,103,,,,note,Db3,Db,D,-1,3,49,1,0.125,111.75003375008447
1216,data\scores\Debussy\Debussy_113_6.0_0.0.mxl,Debussy,Debussy_113_6.0_0.0,103,,,,note,Gb3,Gb,G,-1,3,54,6,0.125,111.75003375008447
1217,data\scores\Debussy\Debussy_113_6.0_0.0.mxl,Debussy,Debussy_113_6.0_0.0,103,,,,note,Bb3,Bb,B,-1,3,58,10,0.125,111.75003375008447
1218,data\scores\Debussy\Debussy_113_6.0_0.0.mxl,Debussy,Debussy_113_6.0_0.0,103,,,,note,Gb2,Gb,G,-1,2,42,6,0.125,112.00003375008447
1219,data\scores\Debussy\Debussy_113_6.0_0.0.mxl,Debussy,Debussy_113_6.0_0.0,103,,,,note,Db3,Db,D,-1,3,49,1,0.125,112.00003375008447
1220,data\scores\Debussy\Debussy_113_6.0_0.0.mxl,Debussy,Debussy_113_6.0_0.0,103,,,,note,Db3,Db,D,-1,3,49,1,0.125,112.25003375008447
1221,data\scores\Debussy\Debussy_113_6.0_0.0.mxl,Debussy,Debussy_113_6.0_0.0,103,,,,note,Gb3,Gb,G,-1,3,54,6,0.125,112.25003375008447
1222,data\scores\Debussy\Debussy_113_6.0_0.0.mxl,Debussy,Debussy_113_6.0_0.0,103,,,,note,Cb4,Cb,C,-1,4,71,11,0.125,112.25003375008447
1223,data\scores\Debussy\Debussy_113_6.0_0.0.mxl,Debussy,Debussy_113_6.0_0.0,104,,,,note,F4,F,F,0,4,65,5,0.0625,112.50003375008447
1224,data\scores\Debussy\Debussy_113_6.0_0.0.mxl,Debussy,Debussy_113_6.0_0.0,104,,,,note,F4,F,F,0,4,65,5,0.125,112.62503375008447
1225,data\scores\Debussy\Debussy_113_6.0_0.0.mxl,Debussy,Debussy_113_6.0_0.0,104,,,,note,G4,G,G,0,4,67,7,0.0625,112.87503375008447
1226,data\scores\Debussy\Debussy_113_6.0_0.0.mxl,Debussy,Debussy_113_6.0_0.0,104,,,,note,F4,F,F,0,4,65,5,0.125,113.00003375008447
1227,data\scores\Debussy\Debussy_113_6.0_0.0.mxl,Debussy,Debussy_113_6.0_0.0,104,,,,note,G4,G,G,0,4,67,7,0.125,113.25003375008447
1228,data\scores\Debussy\Debussy_113_6.0_0.0.mxl,Debussy,Debussy_113_6.0_0.0,104,,,,note,D5,D,D,0,5,74,2,0.125,113.25003375008447
1229,data\scores\Debussy\Debussy_113_6.0_0.0.mxl,Debussy,Debussy_113_6.0_0.0,104,,,,rest,,,,,,,,0.125,112.50003375008447
1230,data\scores\Debussy\Debussy_113_6.0_0.0.mxl,Debussy,Debussy_113_6.0_0.0,104,,,,note,Db4,Db,D,-1,4,61,1,0.125,112.75003375008447
1231,data\scores\Debussy\Debussy_113_6.0_0.0.mxl,Debussy,Debussy_113_6.0_0.0,104,,,,note,E4,E,E,0,4,64,4,0.125,112.75003375008447
1232,data\scores\Debussy\Debussy_113_6.0_0.0.mxl,Debussy,Debussy_113_6.0_0.0,104,,,,note,C4,C,C,0,4,60,0,0.125,113.00003375008447
1233,data\scores\Debussy\Debussy_113_6.0_0.0.mxl,Debussy,Debussy_113_6.0_0.0,104,,,,note,Eb4,Eb,E,-1,4,63,3,0.125,113.00003375008447
1234,data\scores\Debussy\Debussy_113_6.0_0.0.mxl,Debussy,Debussy_113_6.0_0.0,104,,,,note,F3,F,F,0,3,53,5,0.125,113.25003375008447
1235,data\scores\Debussy\Debussy_113_6.0_0.0.mxl,Debussy,Debussy_113_6.0_0.0,104,,,,note,A3,A,A,0,3,57,9,0.125,113.25003375008447
1236,data\scores\Debussy\Debussy_113_6.0_0.0.mxl,Debussy,Debussy_113_6.0_0.0,104,,,,note,Eb4,Eb,E,-1,4,63,3,0.125,113.25003375008447
1237,data\scores\Debussy\Debussy_113_6.0_0.0.mxl,Debussy,Debussy_113_6.0_0.0,105,,,,note,D4,D,D,0,4,62,2,0.25,113.50003375008447
1238,data\scores\Debussy\Debussy_113_6.0_0.0.mxl,Debussy,Debussy_113_6.0_0.0,105,,,,note,Bb4,Bb,B,-1,4,70,10,0.25,113.50003375008447
1239,data\scores\Debussy\Debussy_113_6.0_0.0.mxl,Debussy,Debussy_113_6.0_0.0,105,,,,note,Bb5,Bb,B,-1,5,82,10,0.125,114.00003375008447
1240,data\scores\Debussy\Debussy_113_6.0_0.0.mxl,Debussy,Debussy_113_6.0_0.0,105,,,,note,Bb6,Bb,B,-1,6,94,10,0.125,114.00003375008447
1241,data\scores\Debussy\Debussy_113_6.0_0.0.mxl,Debussy,Debussy_113_6.0_0.0,105,,,,rest,,,,,,,,0.125,114.25003375008447
1242,data\scores\Debussy\Debussy_113_6.0_0.0.mxl,Debussy,Debussy_113_6.0_0.0,105,,,,note,Bb2,Bb,B,-1,2,46,10,0.25,113.50003375008447
1243,data\scores\Debussy\Debussy_113_6.0_0.0.mxl,Debussy,Debussy_113_6.0_0.0,105,,,,note,F3,F,F,0,3,53,5,0.25,113.50003375008447
1244,data\scores\Debussy\Debussy_113_6.0_0.0.mxl,Debussy,Debussy_113_6.0_0.0,105,,,,note,Bb3,Bb,B,-1,3,58,10,0.25,113.50003375008447
1245,data\scores\Debussy\Debussy_113_6.0_0.0.mxl,Debussy,Debussy_113_6.0_0.0,105,,,,note,Bb1,Bb,B,-1,1,34,10,0.125,114.00003375008447
1246,data\scores\Debussy\Debussy_113_6.0_0.0.mxl,Debussy,Debussy_113_6.0_0.0,105,,,,note,Bb2,Bb,B,-1,2,46,10,0.125,114.00003375008447
1247,data\scores\Debussy\Debussy_113_6.0_0.0.mxl,Debussy,Debussy_113_6.0_0.0,105,,,,rest,,,,,,,,0.125,114.25003375008447
1248,data\scores\Debussy\Debussy_113_6.0_0.0.mxl,Debussy,Debussy_113_6.0_0.0,106,,,,note,C4,C,C,0,4,60,0,0.0625,114.50003375008447
1249,data\scores\Debussy\Debussy_113_6.0_0.0.mxl,Debussy,Debussy_113_6.0_0.0,106,,,,note,Eb4,Eb,E,-1,4,63,3,0.0625,114.50003375008447
1250,data\scores\Debussy\Debussy_113_6.0_0.0.mxl,Debussy,Debussy_113_6.0_0.0,106,,,,note,D4,D,D,0,4,62,2,0.125,114.62503375008447
1251,data\scores\Debussy\Debussy_113_6.0_0.0.mxl,Debussy,Debussy_113_6.0_0.0,106,,,,note,F4,F,F,0,4,65,5,0.125,114.62503375008447
1252,data\scores\Debussy\Debussy_113_6.0_0.0.mxl,Debussy,Debussy_113_6.0_0.0,106,,,,note,Eb4,Eb,E,-1,4,63,3,0.0625,114.87503375008447
1253,data\scores\Debussy\Debussy_113_6.0_0.0.mxl,Debussy,Debussy_113_6.0_0.0,106,,,,note,G4,G,G,0,4,67,7,0.0625,114.87503375008447
1254,data\scores\Debussy\Debussy_113_6.0_0.0.mxl,Debussy,Debussy_113_6.0_0.0,106,,,,note,D4,D,D,0,4,62,2,0.125,115.00003375008447
1255,data\scores\Debussy\Debussy_113_6.0_0.0.mxl,Debussy,Debussy_113_6.0_0.0,106,,,,note,F4,F,F,0,4,65,5,0.125,115.00003375008447
1256,data\scores\Debussy\Debussy_113_6.0_0.0.mxl,Debussy,Debussy_113_6.0_0.0,106,,,,note,C4,C,C,0,4,60,0,0.125,115.25003375008447
1257,data\scores\Debussy\Debussy_113_6.0_0.0.mxl,Debussy,Debussy_113_6.0_0.0,106,,,,note,Eb4,Eb,E,-1,4,63,3,0.125,115.25003375008447
1258,data\scores\Debussy\Debussy_113_6.0_0.0.mxl,Debussy,Debussy_113_6.0_0.0,106,,,,note,Ab3,Ab,A,-1,3,56,8,0.125,114.50003375008447
1259,data\scores\Debussy\Debussy_113_6.0_0.0.mxl,Debussy,Debussy_113_6.0_0.0,106,,,,note,Bb3,Bb,B,-1,3,58,10,0.125,114.50003375008447
1260,data\scores\Debussy\Debussy_113_6.0_0.0.mxl,Debussy,Debussy_113_6.0_0.0,106,,,,note,Ab4,Ab,A,-1,4,68,8,0.125,114.75003375008447
1261,data\scores\Debussy\Debussy_113_6.0_0.0.mxl,Debussy,Debussy_113_6.0_0.0,106,,,,note,Bb4,Bb,B,-1,4,70,10,0.125,114.75003375008447
1262,data\scores\Debussy\Debussy_113_6.0_0.0.mxl,Debussy,Debussy_113_6.0_0.0,106,,,,note,Ab3,Ab,A,-1,3,56,8,0.125,115.00003375008447
1263,data\scores\Debussy\Debussy_113_6.0_0.0.mxl,Debussy,Debussy_113_6.0_0.0,106,,,,note,Bb3,Bb,B,-1,3,58,10,0.125,115.00003375008447
1264,data\scores\Debussy\Debussy_113_6.0_0.0.mxl,Debussy,Debussy_113_6.0_0.0,106,,,,note,Ab4,Ab,A,-1,4,68,8,0.125,115.25003375008447
1265,data\scores\Debussy\Debussy_113_6.0_0.0.mxl,Debussy,Debussy_113_6.0_0.0,106,,,,note,Bb4,Bb,B,-1,4,70,10,0.125,115.25003375008447
1266,data\scores\Debussy\Debussy_113_6.0_0.0.mxl,Debussy,Debussy_113_6.0_0.0,107,,,,note,D4,D,D,0,4,62,2,0.5,115.50003375008447
1267,data\scores\Debussy\Debussy_113_6.0_0.0.mxl,Debussy,Debussy_113_6.0_0.0,107,,,,note,F4,F,F,0,4,65,5,0.5,115.50003375008447
1268,data\scores\Debussy\Debussy_113_6.0_0.0.mxl,Debussy,Debussy_113_6.0_0.0,107,,,,rest,,,,,,,,0.25,115.50003375008447
1269,data\scores\Debussy\Debussy_113_6.0_0.0.mxl,Debussy,Debussy_113_6.0_0.0,107,,,,note,Bb5,Bb,B,-1,5,82,10,0.125,116.00003375008447
1270,data\scores\Debussy\Debussy_113_6.0_0.0.mxl,Debussy,Debussy_113_6.0_0.0,107,,,,note,Bb6,Bb,B,-1,6,94,10,0.125,116.00003375008447
1271,data\scores\Debussy\Debussy_113_6.0_0.0.mxl,Debussy,Debussy_113_6.0_0.0,107,,,,rest,,,,,,,,0.125,116.25003375008447
1272,data\scores\Debussy\Debussy_113_6.0_0.0.mxl,Debussy,Debussy_113_6.0_0.0,107,,,,note,Ab3,Ab,A,-1,3,56,8,0.125,115.50003375008447
1273,data\scores\Debussy\Debussy_113_6.0_0.0.mxl,Debussy,Debussy_113_6.0_0.0,107,,,,note,Bb3,Bb,B,-1,3,58,10,0.125,115.50003375008447
1274,data\scores\Debussy\Debussy_113_6.0_0.0.mxl,Debussy,Debussy_113_6.0_0.0,107,,,,note,Ab4,Ab,A,-1,4,68,8,0.125,115.75003375008447
1275,data\scores\Debussy\Debussy_113_6.0_0.0.mxl,Debussy,Debussy_113_6.0_0.0,107,,,,note,Bb4,Bb,B,-1,4,70,10,0.125,115.75003375008447
1276,data\scores\Debussy\Debussy_113_6.0_0.0.mxl,Debussy,Debussy_113_6.0_0.0,107,,,,note,Ab3,Ab,A,-1,3,56,8,0.125,116.00003375008447
1277,data\scores\Debussy\Debussy_113_6.0_0.0.mxl,Debussy,Debussy_113_6.0_0.0,107,,,,note,Bb3,Bb,B,-1,3,58,10,0.125,116.00003375008447
1278,data\scores\Debussy\Debussy_113_6.0_0.0.mxl,Debussy,Debussy_113_6.0_0.0,107,,,,note,Ab4,Ab,A,-1,4,68,8,0.125,116.25003375008447
1279,data\scores\Debussy\Debussy_113_6.0_0.0.mxl,Debussy,Debussy_113_6.0_0.0,107,,,,note,Bb4,Bb,B,-1,4,70,10,0.125,116.25003375008447
1280,data\scores\Debussy\Debussy_113_6.0_0.0.mxl,Debussy,Debussy_113_6.0_0.0,108,,,,note,C4,C,C,0,4,60,0,0.0625,116.50003375008447
1281,data\scores\Debussy\Debussy_113_6.0_0.0.mxl,Debussy,Debussy_113_6.0_0.0,108,,,,note,Eb4,Eb,E,-1,4,63,3,0.0625,116.50003375008447
1282,data\scores\Debussy\Debussy_113_6.0_0.0.mxl,Debussy,Debussy_113_6.0_0.0,108,,,,note,D4,D,D,0,4,62,2,0.125,116.62503375008447
1283,data\scores\Debussy\Debussy_113_6.0_0.0.mxl,Debussy,Debussy_113_6.0_0.0,108,,,,note,F4,F,F,0,4,65,5,0.125,116.62503375008447
1284,data\scores\Debussy\Debussy_113_6.0_0.0.mxl,Debussy,Debussy_113_6.0_0.0,108,,,,note,Eb4,Eb,E,-1,4,63,3,0.0625,116.87503375008447
1285,data\scores\Debussy\Debussy_113_6.0_0.0.mxl,Debussy,Debussy_113_6.0_0.0,108,,,,note,G4,G,G,0,4,67,7,0.0625,116.87503375008447
1286,data\scores\Debussy\Debussy_113_6.0_0.0.mxl,Debussy,Debussy_113_6.0_0.0,108,,,,note,D4,D,D,0,4,62,2,0.125,117.00003375008447
1287,data\scores\Debussy\Debussy_113_6.0_0.0.mxl,Debussy,Debussy_113_6.0_0.0,108,,,,note,F4,F,F,0,4,65,5,0.125,117.00003375008447
1288,data\scores\Debussy\Debussy_113_6.0_0.0.mxl,Debussy,Debussy_113_6.0_0.0,108,,,,note,C4,C,C,0,4,60,0,0.125,117.25003375008447
1289,data\scores\Debussy\Debussy_113_6.0_0.0.mxl,Debussy,Debussy_113_6.0_0.0,108,,,,note,Eb4,Eb,E,-1,4,63,3,0.125,117.25003375008447
1290,data\scores\Debussy\Debussy_113_6.0_0.0.mxl,Debussy,Debussy_113_6.0_0.0,108,,,,note,G3,G,G,0,3,55,7,0.125,116.50003375008447
1291,data\scores\Debussy\Debussy_113_6.0_0.0.mxl,Debussy,Debussy_113_6.0_0.0,108,,,,note,Bb3,Bb,B,-1,3,58,10,0.125,116.50003375008447
1292,data\scores\Debussy\Debussy_113_6.0_0.0.mxl,Debussy,Debussy_113_6.0_0.0,108,,,,note,Bb4,Bb,B,-1,4,70,10,0.125,116.75003375008447
1293,data\scores\Debussy\Debussy_113_6.0_0.0.mxl,Debussy,Debussy_113_6.0_0.0,108,,,,note,G3,G,G,0,3,55,7,0.125,117.00003375008447
1294,data\scores\Debussy\Debussy_113_6.0_0.0.mxl,Debussy,Debussy_113_6.0_0.0,108,,,,note,Bb3,Bb,B,-1,3,58,10,0.125,117.00003375008447
1295,data\scores\Debussy\Debussy_113_6.0_0.0.mxl,Debussy,Debussy_113_6.0_0.0,108,,,,note,Bb4,Bb,B,-1,4,70,10,0.125,117.25003375008447
1296,data\scores\Debussy\Debussy_113_6.0_0.0.mxl,Debussy,Debussy_113_6.0_0.0,109,,,,note,D4,D,D,0,4,62,2,0.125,117.50003375008447
1297,data\scores\Debussy\Debussy_113_6.0_0.0.mxl,Debussy,Debussy_113_6.0_0.0,109,,,,note,F4,F,F,0,4,65,5,0.125,117.50003375008447
1298,data\scores\Debussy\Debussy_113_6.0_0.0.mxl,Debussy,Debussy_113_6.0_0.0,109,,,,note,C4,C,C,0,4,60,0,0.125,117.75003375008447
1299,data\scores\Debussy\Debussy_113_6.0_0.0.mxl,Debussy,Debussy_113_6.0_0.0,109,,,,note,Eb4,Eb,E,-1,4,63,3,0.125,117.75003375008447
1300,data\scores\Debussy\Debussy_113_6.0_0.0.mxl,Debussy,Debussy_113_6.0_0.0,109,,,,note,D4,D,D,0,4,62,2,0.125,118.00003375008447
1301,data\scores\Debussy\Debussy_113_6.0_0.0.mxl,Debussy,Debussy_113_6.0_0.0,109,,,,note,F4,F,F,0,4,65,5,0.125,118.00003375008447
1302,data\scores\Debussy\Debussy_113_6.0_0.0.mxl,Debussy,Debussy_113_6.0_0.0,109,,,,note,G4,G,G,0,4,67,7,0.125,118.25003375008447
1303,data\scores\Debussy\Debussy_113_6.0_0.0.mxl,Debussy,Debussy_113_6.0_0.0,109,,,,note,Bb4,Bb,B,-1,4,70,10,0.125,118.25003375008447
1304,data\scores\Debussy\Debussy_113_6.0_0.0.mxl,Debussy,Debussy_113_6.0_0.0,109,,,,note,C5,C,C,0,5,72,0,0.125,118.25003375008447
1305,data\scores\Debussy\Debussy_113_6.0_0.0.mxl,Debussy,Debussy_113_6.0_0.0,109,,,,note,G3,G,G,0,3,55,7,0.125,117.50003375008447
1306,data\scores\Debussy\Debussy_113_6.0_0.0.mxl,Debussy,Debussy_113_6.0_0.0,109,,,,note,Bb3,Bb,B,-1,3,58,10,0.125,117.50003375008447
1307,data\scores\Debussy\Debussy_113_6.0_0.0.mxl,Debussy,Debussy_113_6.0_0.0,109,,,,note,Bb4,Bb,B,-1,4,70,10,0.125,117.75003375008447
1308,data\scores\Debussy\Debussy_113_6.0_0.0.mxl,Debussy,Debussy_113_6.0_0.0,109,,,,note,G3,G,G,0,3,55,7,0.125,118.00003375008447
1309,data\scores\Debussy\Debussy_113_6.0_0.0.mxl,Debussy,Debussy_113_6.0_0.0,109,,,,note,Bb3,Bb,B,-1,3,58,10,0.125,118.00003375008447
1310,data\scores\Debussy\Debussy_113_6.0_0.0.mxl,Debussy,Debussy_113_6.0_0.0,109,,,,note,Eb4,Eb,E,-1,4,63,3,0.125,118.25003375008447
1311,data\scores\Debussy\Debussy_113_6.0_0.0.mxl,Debussy,Debussy_113_6.0_0.0,110,,,,note,A3,A,A,0,3,57,9,0.5,118.50003375008447
1312,data\scores\Debussy\Debussy_113_6.0_0.0.mxl,Debussy,Debussy_113_6.0_0.0,110,,,,note,C#4,C#,C,1,4,61,1,0.5,118.50003375008447
1313,data\scores\Debussy\Debussy_113_6.0_0.0.mxl,Debussy,Debussy_113_6.0_0.0,110,,,,note,E4,E,E,0,4,64,4,0.5,118.50003375008447
1314,data\scores\Debussy\Debussy_113_6.0_0.0.mxl,Debussy,Debussy_113_6.0_0.0,110,,,,note,B2,B,B,0,2,47,11,0.0625,118.50003375008447
1315,data\scores\Debussy\Debussy_113_6.0_0.0.mxl,Debussy,Debussy_113_6.0_0.0,110,,,,note,C#3,C#,C,1,3,49,1,0.125,118.62503375008447
1316,data\scores\Debussy\Debussy_113_6.0_0.0.mxl,Debussy,Debussy_113_6.0_0.0,110,,,,note,D#3,D#,D,1,3,51,3,0.0625,118.87503375008447
1317,data\scores\Debussy\Debussy_113_6.0_0.0.mxl,Debussy,Debussy_113_6.0_0.0,110,,,,note,C#3,C#,C,1,3,49,1,0.125,119.00003375008447
1318,data\scores\Debussy\Debussy_113_6.0_0.0.mxl,Debussy,Debussy_113_6.0_0.0,110,,,,note,B2,B,B,0,2,47,11,0.125,119.25003375008447
1319,data\scores\Debussy\Debussy_113_6.0_0.0.mxl,Debussy,Debussy_113_6.0_0.0,111,,,,note,Ab3,Ab,A,-1,3,56,8,0.5,119.50003375008447
1320,data\scores\Debussy\Debussy_113_6.0_0.0.mxl,Debussy,Debussy_113_6.0_0.0,111,,,,note,C4,C,C,0,4,60,0,0.5,119.50003375008447
1321,data\scores\Debussy\Debussy_113_6.0_0.0.mxl,Debussy,Debussy_113_6.0_0.0,111,,,,note,F4,F,F,0,4,65,5,0.5,119.50003375008447
1322,data\scores\Debussy\Debussy_113_6.0_0.0.mxl,Debussy,Debussy_113_6.0_0.0,111,,,,note,Bb2,Bb,B,-1,2,46,10,0.0625,119.50003375008447
1323,data\scores\Debussy\Debussy_113_6.0_0.0.mxl,Debussy,Debussy_113_6.0_0.0,111,,,,note,C3,C,C,0,3,48,0,0.125,119.62503375008447
1324,data\scores\Debussy\Debussy_113_6.0_0.0.mxl,Debussy,Debussy_113_6.0_0.0,111,,,,note,D3,D,D,0,3,50,2,0.0625,119.87503375008447
1325,data\scores\Debussy\Debussy_113_6.0_0.0.mxl,Debussy,Debussy_113_6.0_0.0,111,,,,note,C3,C,C,0,3,48,0,0.125,120.00003375008447
1326,data\scores\Debussy\Debussy_113_6.0_0.0.mxl,Debussy,Debussy_113_6.0_0.0,111,,,,note,Bb2,Bb,B,-1,2,46,10,0.125,120.25003375008447
1327,data\scores\Debussy\Debussy_113_6.0_0.0.mxl,Debussy,Debussy_113_6.0_0.0,112,,,,note,F3,F,F,0,3,53,5,0.5,120.50003375008447
1328,data\scores\Debussy\Debussy_113_6.0_0.0.mxl,Debussy,Debussy_113_6.0_0.0,112,,,,note,G3,G,G,0,3,55,7,0.5,120.50003375008447
1329,data\scores\Debussy\Debussy_113_6.0_0.0.mxl,Debussy,Debussy_113_6.0_0.0,112,,,,note,Bb3,Bb,B,-1,3,58,10,0.5,120.50003375008447
1330,data\scores\Debussy\Debussy_113_6.0_0.0.mxl,Debussy,Debussy_113_6.0_0.0,112,,,,note,Bb2,Bb,B,-1,2,46,10,0.0625,120.50003375008447
1331,data\scores\Debussy\Debussy_113_6.0_0.0.mxl,Debussy,Debussy_113_6.0_0.0,112,,,,note,C3,C,C,0,3,48,0,0.125,120.62503375008447
1332,data\scores\Debussy\Debussy_113_6.0_0.0.mxl,Debussy,Debussy_113_6.0_0.0,112,,,,note,D3,D,D,0,3,50,2,0.0625,120.87503375008447
1333,data\scores\Debussy\Debussy_113_6.0_0.0.mxl,Debussy,Debussy_113_6.0_0.0,112,,,,note,C3,C,C,0,3,48,0,0.125,121.00003375008447
1334,data\scores\Debussy\Debussy_113_6.0_0.0.mxl,Debussy,Debussy_113_6.0_0.0,112,,,,note,Bb2,Bb,B,-1,2,46,10,0.125,121.25003375008447
1335,data\scores\Debussy\Debussy_113_6.0_0.0.mxl,Debussy,Debussy_113_6.0_0.0,113,,,,note,Eb3,Eb,E,-1,3,51,3,0.5,121.50003375008447
1336,data\scores\Debussy\Debussy_113_6.0_0.0.mxl,Debussy,Debussy_113_6.0_0.0,113,,,,note,G3,G,G,0,3,55,7,0.5,121.50003375008447
1337,data\scores\Debussy\Debussy_113_6.0_0.0.mxl,Debussy,Debussy_113_6.0_0.0,113,,,,note,Bb3,Bb,B,-1,3,58,10,0.5,121.50003375008447
1338,data\scores\Debussy\Debussy_113_6.0_0.0.mxl,Debussy,Debussy_113_6.0_0.0,113,,,,rest,,,,,,,,0.125,121.50003375008447
1339,data\scores\Debussy\Debussy_113_6.0_0.0.mxl,Debussy,Debussy_113_6.0_0.0,113,,,,note,C3,C,C,0,3,48,0,0.0625,121.75003375008447
1340,data\scores\Debussy\Debussy_113_6.0_0.0.mxl,Debussy,Debussy_113_6.0_0.0,113,,,,note,D3,D,D,0,3,50,2,0.0625,121.87503375008447
1341,data\scores\Debussy\Debussy_113_6.0_0.0.mxl,Debussy,Debussy_113_6.0_0.0,113,,,,note,C3,C,C,0,3,48,0,0.125,122.00003375008447
1342,data\scores\Debussy\Debussy_113_6.0_0.0.mxl,Debussy,Debussy_113_6.0_0.0,113,,,,rest,,,,,,,,0.125,122.25003375008447
1343,data\scores\Debussy\Debussy_113_6.0_0.0.mxl,Debussy,Debussy_113_6.0_0.0,113,,,,rest,,,,,,,,0.0625,121.50003375008447
1344,data\scores\Debussy\Debussy_113_6.0_0.0.mxl,Debussy,Debussy_113_6.0_0.0,113,,,,note,Bb1,Bb,B,-1,1,34,10,0.0625,121.62503375008447
1345,data\scores\Debussy\Debussy_113_6.0_0.0.mxl,Debussy,Debussy_113_6.0_0.0,113,,,,note,Bb2,Bb,B,-1,2,46,10,0.0625,121.62503375008447
1346,data\scores\Debussy\Debussy_113_6.0_0.0.mxl,Debussy,Debussy_113_6.0_0.0,113,,,,note,C2,C,C,0,2,36,0,0.0625,121.75003375008447
1347,data\scores\Debussy\Debussy_113_6.0_0.0.mxl,Debussy,Debussy_113_6.0_0.0,113,,,,note,D2,D,D,0,2,38,2,0.0625,121.87503375008447
1348,data\scores\Debussy\Debussy_113_6.0_0.0.mxl,Debussy,Debussy_113_6.0_0.0,113,,,,note,C2,C,C,0,2,36,0,0.125,122.00003375008447
1349,data\scores\Debussy\Debussy_113_6.0_0.0.mxl,Debussy,Debussy_113_6.0_0.0,113,,,,note,Bb0,Bb,B,-1,0,22,10,0.125,122.25003375008447
1350,data\scores\Debussy\Debussy_113_6.0_0.0.mxl,Debussy,Debussy_113_6.0_0.0,113,,,,note,Bb1,Bb,B,-1,1,34,10,0.125,122.25003375008447
1351,data\scores\Debussy\Debussy_113_6.0_0.0.mxl,Debussy,Debussy_113_6.0_0.0,114,,,,note,C4,C,C,0,4,60,0,0.0625,122.50003375008447
1352,data\scores\Debussy\Debussy_113_6.0_0.0.mxl,Debussy,Debussy_113_6.0_0.0,114,,,,note,Eb4,Eb,E,-1,4,63,3,0.0625,122.50003375008447
1353,data\scores\Debussy\Debussy_113_6.0_0.0.mxl,Debussy,Debussy_113_6.0_0.0,114,,,,note,D4,D,D,0,4,62,2,0.125,122.62503375008447
1354,data\scores\Debussy\Debussy_113_6.0_0.0.mxl,Debussy,Debussy_113_6.0_0.0,114,,,,note,F4,F,F,0,4,65,5,0.125,122.62503375008447
1355,data\scores\Debussy\Debussy_113_6.0_0.0.mxl,Debussy,Debussy_113_6.0_0.0,114,,,,note,Eb4,Eb,E,-1,4,63,3,0.0625,122.87503375008447
1356,data\scores\Debussy\Debussy_113_6.0_0.0.mxl,Debussy,Debussy_113_6.0_0.0,114,,,,note,G4,G,G,0,4,67,7,0.0625,122.87503375008447
1357,data\scores\Debussy\Debussy_113_6.0_0.0.mxl,Debussy,Debussy_113_6.0_0.0,114,,,,note,D4,D,D,0,4,62,2,0.125,123.00003375008447
1358,data\scores\Debussy\Debussy_113_6.0_0.0.mxl,Debussy,Debussy_113_6.0_0.0,114,,,,note,F4,F,F,0,4,65,5,0.125,123.00003375008447
1359,data\scores\Debussy\Debussy_113_6.0_0.0.mxl,Debussy,Debussy_113_6.0_0.0,114,,,,note,C4,C,C,0,4,60,0,0.125,123.25003375008447
1360,data\scores\Debussy\Debussy_113_6.0_0.0.mxl,Debussy,Debussy_113_6.0_0.0,114,,,,note,Eb4,Eb,E,-1,4,63,3,0.125,123.25003375008447
1361,data\scores\Debussy\Debussy_113_6.0_0.0.mxl,Debussy,Debussy_113_6.0_0.0,114,,,,note,Ab3,Ab,A,-1,3,56,8,0.125,122.50003375008447
1362,data\scores\Debussy\Debussy_113_6.0_0.0.mxl,Debussy,Debussy_113_6.0_0.0,114,,,,note,Bb3,Bb,B,-1,3,58,10,0.125,122.50003375008447
1363,data\scores\Debussy\Debussy_113_6.0_0.0.mxl,Debussy,Debussy_113_6.0_0.0,114,,,,note,Ab4,Ab,A,-1,4,68,8,0.125,122.75003375008447
1364,data\scores\Debussy\Debussy_113_6.0_0.0.mxl,Debussy,Debussy_113_6.0_0.0,114,,,,note,Bb4,Bb,B,-1,4,70,10,0.125,122.75003375008447
1365,data\scores\Debussy\Debussy_113_6.0_0.0.mxl,Debussy,Debussy_113_6.0_0.0,114,,,,note,Ab3,Ab,A,-1,3,56,8,0.125,123.00003375008447
1366,data\scores\Debussy\Debussy_113_6.0_0.0.mxl,Debussy,Debussy_113_6.0_0.0,114,,,,note,Bb3,Bb,B,-1,3,58,10,0.125,123.00003375008447
1367,data\scores\Debussy\Debussy_113_6.0_0.0.mxl,Debussy,Debussy_113_6.0_0.0,114,,,,note,Ab4,Ab,A,-1,4,68,8,0.125,123.25003375008447
1368,data\scores\Debussy\Debussy_113_6.0_0.0.mxl,Debussy,Debussy_113_6.0_0.0,114,,,,note,Bb4,Bb,B,-1,4,70,10,0.125,123.25003375008447
1369,data\scores\Debussy\Debussy_113_6.0_0.0.mxl,Debussy,Debussy_113_6.0_0.0,115,,,,note,D4,D,D,0,4,62,2,0.5,123.50003375008447
1370,data\scores\Debussy\Debussy_113_6.0_0.0.mxl,Debussy,Debussy_113_6.0_0.0,115,,,,note,F4,F,F,0,4,65,5,0.5,123.50003375008447
1371,data\scores\Debussy\Debussy_113_6.0_0.0.mxl,Debussy,Debussy_113_6.0_0.0,115,,,,rest,,,,,,,,0.25,123.50003375008447
1372,data\scores\Debussy\Debussy_113_6.0_0.0.mxl,Debussy,Debussy_113_6.0_0.0,115,,,,note,Bb5,Bb,B,-1,5,82,10,0.125,124.00003375008447
1373,data\scores\Debussy\Debussy_113_6.0_0.0.mxl,Debussy,Debussy_113_6.0_0.0,115,,,,note,Bb6,Bb,B,-1,6,94,10,0.125,124.00003375008447
1374,data\scores\Debussy\Debussy_113_6.0_0.0.mxl,Debussy,Debussy_113_6.0_0.0,115,,,,rest,,,,,,,,0.125,124.25003375008447
1375,data\scores\Debussy\Debussy_113_6.0_0.0.mxl,Debussy,Debussy_113_6.0_0.0,115,,,,note,Ab3,Ab,A,-1,3,56,8,0.125,123.50003375008447
1376,data\scores\Debussy\Debussy_113_6.0_0.0.mxl,Debussy,Debussy_113_6.0_0.0,115,,,,note,Bb3,Bb,B,-1,3,58,10,0.125,123.50003375008447
1377,data\scores\Debussy\Debussy_113_6.0_0.0.mxl,Debussy,Debussy_113_6.0_0.0,115,,,,note,Ab4,Ab,A,-1,4,68,8,0.125,123.75003375008447
1378,data\scores\Debussy\Debussy_113_6.0_0.0.mxl,Debussy,Debussy_113_6.0_0.0,115,,,,note,Bb4,Bb,B,-1,4,70,10,0.125,123.75003375008447
1379,data\scores\Debussy\Debussy_113_6.0_0.0.mxl,Debussy,Debussy_113_6.0_0.0,115,,,,note,Ab3,Ab,A,-1,3,56,8,0.125,124.00003375008447
1380,data\scores\Debussy\Debussy_113_6.0_0.0.mxl,Debussy,Debussy_113_6.0_0.0,115,,,,note,Bb3,Bb,B,-1,3,58,10,0.125,124.00003375008447
1381,data\scores\Debussy\Debussy_113_6.0_0.0.mxl,Debussy,Debussy_113_6.0_0.0,115,,,,note,Ab4,Ab,A,-1,4,68,8,0.125,124.25003375008447
1382,data\scores\Debussy\Debussy_113_6.0_0.0.mxl,Debussy,Debussy_113_6.0_0.0,115,,,,note,Bb4,Bb,B,-1,4,70,10,0.125,124.25003375008447
1383,data\scores\Debussy\Debussy_113_6.0_0.0.mxl,Debussy,Debussy_113_6.0_0.0,116,,,,note,C4,C,C,0,4,60,0,0.0625,124.50003375008447
1384,data\scores\Debussy\Debussy_113_6.0_0.0.mxl,Debussy,Debussy_113_6.0_0.0,116,,,,note,Eb4,Eb,E,-1,4,63,3,0.0625,124.50003375008447
1385,data\scores\Debussy\Debussy_113_6.0_0.0.mxl,Debussy,Debussy_113_6.0_0.0,116,,,,note,D4,D,D,0,4,62,2,0.125,124.62503375008447
1386,data\scores\Debussy\Debussy_113_6.0_0.0.mxl,Debussy,Debussy_113_6.0_0.0,116,,,,note,F4,F,F,0,4,65,5,0.125,124.62503375008447
1387,data\scores\Debussy\Debussy_113_6.0_0.0.mxl,Debussy,Debussy_113_6.0_0.0,116,,,,note,Eb4,Eb,E,-1,4,63,3,0.0625,124.87503375008447
1388,data\scores\Debussy\Debussy_113_6.0_0.0.mxl,Debussy,Debussy_113_6.0_0.0,116,,,,note,G4,G,G,0,4,67,7,0.0625,124.87503375008447
1389,data\scores\Debussy\Debussy_113_6.0_0.0.mxl,Debussy,Debussy_113_6.0_0.0,116,,,,note,D4,D,D,0,4,62,2,0.125,125.00003375008447
1390,data\scores\Debussy\Debussy_113_6.0_0.0.mxl,Debussy,Debussy_113_6.0_0.0,116,,,,note,F4,F,F,0,4,65,5,0.125,125.00003375008447
1391,data\scores\Debussy\Debussy_113_6.0_0.0.mxl,Debussy,Debussy_113_6.0_0.0,116,,,,note,C4,C,C,0,4,60,0,0.125,125.25003375008447
1392,data\scores\Debussy\Debussy_113_6.0_0.0.mxl,Debussy,Debussy_113_6.0_0.0,116,,,,note,Eb4,Eb,E,-1,4,63,3,0.125,125.25003375008447
1393,data\scores\Debussy\Debussy_113_6.0_0.0.mxl,Debussy,Debussy_113_6.0_0.0,116,,,,note,G3,G,G,0,3,55,7,0.125,124.50003375008447
1394,data\scores\Debussy\Debussy_113_6.0_0.0.mxl,Debussy,Debussy_113_6.0_0.0,116,,,,note,Bb3,Bb,B,-1,3,58,10,0.125,124.50003375008447
1395,data\scores\Debussy\Debussy_113_6.0_0.0.mxl,Debussy,Debussy_113_6.0_0.0,116,,,,note,G4,G,G,0,4,67,7,0.125,124.75003375008447
1396,data\scores\Debussy\Debussy_113_6.0_0.0.mxl,Debussy,Debussy_113_6.0_0.0,116,,,,note,Bb4,Bb,B,-1,4,70,10,0.125,124.75003375008447
1397,data\scores\Debussy\Debussy_113_6.0_0.0.mxl,Debussy,Debussy_113_6.0_0.0,116,,,,note,G3,G,G,0,3,55,7,0.125,125.00003375008447
1398,data\scores\Debussy\Debussy_113_6.0_0.0.mxl,Debussy,Debussy_113_6.0_0.0,116,,,,note,Bb3,Bb,B,-1,3,58,10,0.125,125.00003375008447
1399,data\scores\Debussy\Debussy_113_6.0_0.0.mxl,Debussy,Debussy_113_6.0_0.0,116,,,,note,G4,G,G,0,4,67,7,0.125,125.25003375008447
1400,data\scores\Debussy\Debussy_113_6.0_0.0.mxl,Debussy,Debussy_113_6.0_0.0,116,,,,note,Bb4,Bb,B,-1,4,70,10,0.125,125.25003375008447
1401,data\scores\Debussy\Debussy_113_6.0_0.0.mxl,Debussy,Debussy_113_6.0_0.0,117,,,,note,D4,D,D,0,4,62,2,0.125,125.50003375008447
1402,data\scores\Debussy\Debussy_113_6.0_0.0.mxl,Debussy,Debussy_113_6.0_0.0,117,,,,note,F4,F,F,0,4,65,5,0.125,125.50003375008447
1403,data\scores\Debussy\Debussy_113_6.0_0.0.mxl,Debussy,Debussy_113_6.0_0.0,117,,,,note,C4,C,C,0,4,60,0,0.125,125.75003375008447
1404,data\scores\Debussy\Debussy_113_6.0_0.0.mxl,Debussy,Debussy_113_6.0_0.0,117,,,,note,Eb4,Eb,E,-1,4,63,3,0.125,125.75003375008447
1405,data\scores\Debussy\Debussy_113_6.0_0.0.mxl,Debussy,Debussy_113_6.0_0.0,117,,,,note,D4,D,D,0,4,62,2,0.125,126.00003375008447
1406,data\scores\Debussy\Debussy_113_6.0_0.0.mxl,Debussy,Debussy_113_6.0_0.0,117,,,,note,F4,F,F,0,4,65,5,0.125,126.00003375008447
1407,data\scores\Debussy\Debussy_113_6.0_0.0.mxl,Debussy,Debussy_113_6.0_0.0,117,,,,note,G4,G,G,0,4,67,7,0.125,126.25003375008447
1408,data\scores\Debussy\Debussy_113_6.0_0.0.mxl,Debussy,Debussy_113_6.0_0.0,117,,,,note,Bb4,Bb,B,-1,4,70,10,0.125,126.25003375008447
1409,data\scores\Debussy\Debussy_113_6.0_0.0.mxl,Debussy,Debussy_113_6.0_0.0,117,,,,note,C5,C,C,0,5,72,0,0.125,126.25003375008447
1410,data\scores\Debussy\Debussy_113_6.0_0.0.mxl,Debussy,Debussy_113_6.0_0.0,117,,,,note,G3,G,G,0,3,55,7,0.125,125.50003375008447
1411,data\scores\Debussy\Debussy_113_6.0_0.0.mxl,Debussy,Debussy_113_6.0_0.0,117,,,,note,Bb3,Bb,B,-1,3,58,10,0.125,125.50003375008447
1412,data\scores\Debussy\Debussy_113_6.0_0.0.mxl,Debussy,Debussy_113_6.0_0.0,117,,,,note,G4,G,G,0,4,67,7,0.125,125.75003375008447
1413,data\scores\Debussy\Debussy_113_6.0_0.0.mxl,Debussy,Debussy_113_6.0_0.0,117,,,,note,Bb4,Bb,B,-1,4,70,10,0.125,125.75003375008447
1414,data\scores\Debussy\Debussy_113_6.0_0.0.mxl,Debussy,Debussy_113_6.0_0.0,117,,,,note,G3,G,G,0,3,55,7,0.125,126.00003375008447
1415,data\scores\Debussy\Debussy_113_6.0_0.0.mxl,Debussy,Debussy_113_6.0_0.0,117,,,,note,Bb3,Bb,B,-1,3,58,10,0.125,126.00003375008447
1416,data\scores\Debussy\Debussy_113_6.0_0.0.mxl,Debussy,Debussy_113_6.0_0.0,117,,,,note,G4,G,G,0,4,67,7,0.125,126.25003375008447
1417,data\scores\Debussy\Debussy_113_6.0_0.0.mxl,Debussy,Debussy_113_6.0_0.0,117,,,,note,Bb4,Bb,B,-1,4,70,10,0.125,126.25003375008447
1418,data\scores\Debussy\Debussy_113_6.0_0.0.mxl,Debussy,Debussy_113_6.0_0.0,118,,,,note,Bb5,Bb,B,-1,5,82,10,0.0625,126.50003375008447
1419,data\scores\Debussy\Debussy_113_6.0_0.0.mxl,Debussy,Debussy_113_6.0_0.0,118,,,,note,Ab5,Ab,A,-1,5,80,8,0.125,126.62503375008447
1420,data\scores\Debussy\Debussy_113_6.0_0.0.mxl,Debussy,Debussy_113_6.0_0.0,118,,,,note,Bb5,Bb,B,-1,5,82,10,0.0625,126.87503375008447
1421,data\scores\Debussy\Debussy_113_6.0_0.0.mxl,Debussy,Debussy_113_6.0_0.0,118,,,,note,F5,F,F,0,5,77,5,0.125,127.00003375008447
1422,data\scores\Debussy\Debussy_113_6.0_0.0.mxl,Debussy,Debussy_113_6.0_0.0,118,,,,note,Bb5,Bb,B,-1,5,82,10,0.125,127.25003375008447
1423,data\scores\Debussy\Debussy_113_6.0_0.0.mxl,Debussy,Debussy_113_6.0_0.0,118,,,,note,Cb5,Cb,C,-1,5,83,11,0.5,126.50003375008447
1424,data\scores\Debussy\Debussy_113_6.0_0.0.mxl,Debussy,Debussy_113_6.0_0.0,118,,,,note,Eb5,Eb,E,-1,5,75,3,0.5,126.50003375008447
1425,data\scores\Debussy\Debussy_113_6.0_0.0.mxl,Debussy,Debussy_113_6.0_0.0,118,,,,note,Bb4,Bb,B,-1,4,70,10,0.0625,126.50003375008447
1426,data\scores\Debussy\Debussy_113_6.0_0.0.mxl,Debussy,Debussy_113_6.0_0.0,118,,,,note,Ab4,Ab,A,-1,4,68,8,0.125,126.62503375008447
1427,data\scores\Debussy\Debussy_113_6.0_0.0.mxl,Debussy,Debussy_113_6.0_0.0,118,,,,note,Bb4,Bb,B,-1,4,70,10,0.0625,126.87503375008447
1428,data\scores\Debussy\Debussy_113_6.0_0.0.mxl,Debussy,Debussy_113_6.0_0.0,118,,,,note,F4,F,F,0,4,65,5,0.125,127.00003375008447
1429,data\scores\Debussy\Debussy_113_6.0_0.0.mxl,Debussy,Debussy_113_6.0_0.0,118,,,,note,Bb4,Bb,B,-1,4,70,10,0.125,127.25003375008447
1430,data\scores\Debussy\Debussy_113_6.0_0.0.mxl,Debussy,Debussy_113_6.0_0.0,118,,,,note,Cb4,Cb,C,-1,4,71,11,0.5,126.50003375008447
1431,data\scores\Debussy\Debussy_113_6.0_0.0.mxl,Debussy,Debussy_113_6.0_0.0,118,,,,note,Eb4,Eb,E,-1,4,63,3,0.5,126.50003375008447
1432,data\scores\Debussy\Debussy_113_6.0_0.0.mxl,Debussy,Debussy_113_6.0_0.0,119,,,,note,Ab5,Ab,A,-1,5,80,8,0.0625,127.50003375008447
1433,data\scores\Debussy\Debussy_113_6.0_0.0.mxl,Debussy,Debussy_113_6.0_0.0,119,,,,note,F5,F,F,0,5,77,5,0.125,127.62503375008447
1434,data\scores\Debussy\Debussy_113_6.0_0.0.mxl,Debussy,Debussy_113_6.0_0.0,119,,,,note,Eb5,Eb,E,-1,5,75,3,0.0625,127.87503375008447
1435,data\scores\Debussy\Debussy_113_6.0_0.0.mxl,Debussy,Debussy_113_6.0_0.0,119,,,,note,Cb5,Cb,C,-1,5,83,11,0.25,128.00003375008447
1436,data\scores\Debussy\Debussy_113_6.0_0.0.mxl,Debussy,Debussy_113_6.0_0.0,119,,,,note,Cb5,Cb,C,-1,5,83,11,0.25,127.50003375008447
1437,data\scores\Debussy\Debussy_113_6.0_0.0.mxl,Debussy,Debussy_113_6.0_0.0,119,,,,note,Eb5,Eb,E,-1,5,75,3,0.25,127.50003375008447
1438,data\scores\Debussy\Debussy_113_6.0_0.0.mxl,Debussy,Debussy_113_6.0_0.0,119,,,,rest,,,,,,,,0.25,128.00003375008447
1439,data\scores\Debussy\Debussy_113_6.0_0.0.mxl,Debussy,Debussy_113_6.0_0.0,119,,,,note,Ab4,Ab,A,-1,4,68,8,0.0625,127.50003375008447
1440,data\scores\Debussy\Debussy_113_6.0_0.0.mxl,Debussy,Debussy_113_6.0_0.0,119,,,,note,F4,F,F,0,4,65,5,0.125,127.62503375008447
1441,data\scores\Debussy\Debussy_113_6.0_0.0.mxl,Debussy,Debussy_113_6.0_0.0,119,,,,note,Eb4,Eb,E,-1,4,63,3,0.0625,127.87503375008447
1442,data\scores\Debussy\Debussy_113_6.0_0.0.mxl,Debussy,Debussy_113_6.0_0.0,119,,,,note,Cb4,Cb,C,-1,4,71,11,0.25,128.00003375008447
1443,data\scores\Debussy\Debussy_113_6.0_0.0.mxl,Debussy,Debussy_113_6.0_0.0,119,,,,note,Cb4,Cb,C,-1,4,71,11,0.25,127.50003375008447
1444,data\scores\Debussy\Debussy_113_6.0_0.0.mxl,Debussy,Debussy_113_6.0_0.0,119,,,,note,Eb4,Eb,E,-1,4,63,3,0.25,127.50003375008447
1445,data\scores\Debussy\Debussy_113_6.0_0.0.mxl,Debussy,Debussy_113_6.0_0.0,119,,,,rest,,,,,,,,0.25,128.00003375008447
1446,data\scores\Debussy\Debussy_113_6.0_0.0.mxl,Debussy,Debussy_113_6.0_0.0,120,,,,rest,,,,,,,,0.0625,128.50003375008447
1447,data\scores\Debussy\Debussy_113_6.0_0.0.mxl,Debussy,Debussy_113_6.0_0.0,120,,,,note,Ab4,Ab,A,-1,4,68,8,0.0625,128.62503375008447
1448,data\scores\Debussy\Debussy_113_6.0_0.0.mxl,Debussy,Debussy_113_6.0_0.0,120,,,,note,F4,F,F,0,4,65,5,0.0625,128.75003375008447
1449,data\scores\Debussy\Debussy_113_6.0_0.0.mxl,Debussy,Debussy_113_6.0_0.0,120,,,,note,Eb4,Eb,E,-1,4,63,3,0.0625,128.87503375008447
1450,data\scores\Debussy\Debussy_113_6.0_0.0.mxl,Debussy,Debussy_113_6.0_0.0,120,,,,note,Cb4,Cb,C,-1,4,71,11,0.125,129.00003375008447
1451,data\scores\Debussy\Debussy_113_6.0_0.0.mxl,Debussy,Debussy_113_6.0_0.0,120,,,,note,D3,D,D,0,3,50,2,0.125,129.25003375008447
1452,data\scores\Debussy\Debussy_113_6.0_0.0.mxl,Debussy,Debussy_113_6.0_0.0,120,,,,note,G3,G,G,0,3,55,7,0.125,129.25003375008447
1453,data\scores\Debussy\Debussy_113_6.0_0.0.mxl,Debussy,Debussy_113_6.0_0.0,120,,,,rest,,,,,,,,0.0625,128.50003375008447
1454,data\scores\Debussy\Debussy_113_6.0_0.0.mxl,Debussy,Debussy_113_6.0_0.0,120,,,,note,Ab3,Ab,A,-1,3,56,8,0.0625,128.62503375008447
1455,data\scores\Debussy\Debussy_113_6.0_0.0.mxl,Debussy,Debussy_113_6.0_0.0,120,,,,note,F3,F,F,0,3,53,5,0.0625,128.75003375008447
1456,data\scores\Debussy\Debussy_113_6.0_0.0.mxl,Debussy,Debussy_113_6.0_0.0,120,,,,note,Eb3,Eb,E,-1,3,51,3,0.0625,128.87503375008447
1457,data\scores\Debussy\Debussy_113_6.0_0.0.mxl,Debussy,Debussy_113_6.0_0.0,120,,,,note,Cb3,Cb,C,-1,3,59,11,0.125,129.00003375008447
1458,data\scores\Debussy\Debussy_113_6.0_0.0.mxl,Debussy,Debussy_113_6.0_0.0,120,,,,note,Bb1,Bb,B,-1,1,34,10,0.125,129.25003375008447
1459,data\scores\Debussy\Debussy_113_6.0_0.0.mxl,Debussy,Debussy_113_6.0_0.0,120,,,,note,Bb2,Bb,B,-1,2,46,10,0.125,129.25003375008447
1460,data\scores\Debussy\Debussy_113_6.0_0.0.mxl,Debussy,Debussy_113_6.0_0.0,121,,,,rest,,,,,,,,0.125,129.50003375008447
1461,data\scores\Debussy\Debussy_113_6.0_0.0.mxl,Debussy,Debussy_113_6.0_0.0,121,,,,note,Eb3,Eb,E,-1,3,51,3,0.125,129.75003375008447
1462,data\scores\Debussy\Debussy_113_6.0_0.0.mxl,Debussy,Debussy_113_6.0_0.0,121,,,,note,Bb3,Bb,B,-1,3,58,10,0.125,129.75003375008447
1463,data\scores\Debussy\Debussy_113_6.0_0.0.mxl,Debussy,Debussy_113_6.0_0.0,121,,,,rest,,,,,,,,0.125,130.00003375008447
1464,data\scores\Debussy\Debussy_113_6.0_0.0.mxl,Debussy,Debussy_113_6.0_0.0,121,,,,note,Eb3,Eb,E,-1,3,51,3,0.125,130.25003375008447
1465,data\scores\Debussy\Debussy_113_6.0_0.0.mxl,Debussy,Debussy_113_6.0_0.0,121,,,,note,Bb3,Bb,B,-1,3,58,10,0.125,130.25003375008447
1466,data\scores\Debussy\Debussy_113_6.0_0.0.mxl,Debussy,Debussy_113_6.0_0.0,121,,,,rest,,,,,,,,0.125,129.50003375008447
1467,data\scores\Debussy\Debussy_113_6.0_0.0.mxl,Debussy,Debussy_113_6.0_0.0,121,,,,note,F3,F,F,0,3,53,5,0.125,129.75003375008447
1468,data\scores\Debussy\Debussy_113_6.0_0.0.mxl,Debussy,Debussy_113_6.0_0.0,121,,,,note,G3,G,G,0,3,55,7,0.125,129.75003375008447
1469,data\scores\Debussy\Debussy_113_6.0_0.0.mxl,Debussy,Debussy_113_6.0_0.0,121,,,,note,Eb2,Eb,E,-1,2,39,3,0.125,130.00003375008447
1470,data\scores\Debussy\Debussy_113_6.0_0.0.mxl,Debussy,Debussy_113_6.0_0.0,121,,,,note,Bb2,Bb,B,-1,2,46,10,0.125,130.00003375008447
1471,data\scores\Debussy\Debussy_113_6.0_0.0.mxl,Debussy,Debussy_113_6.0_0.0,121,,,,note,F3,F,F,0,3,53,5,0.125,130.25003375008447
1472,data\scores\Debussy\Debussy_113_6.0_0.0.mxl,Debussy,Debussy_113_6.0_0.0,121,,,,note,G3,G,G,0,3,55,7,0.125,130.25003375008447
1473,data\scores\Debussy\Debussy_113_6.0_0.0.mxl,Debussy,Debussy_113_6.0_0.0,122,,,,rest,,,,,,,,0.25,130.50003375008447
1474,data\scores\Debussy\Debussy_113_6.0_0.0.mxl,Debussy,Debussy_113_6.0_0.0,122,,,,note,Eb2,Eb,E,-1,2,39,3,0.25,130.50003375008447
1475,data\scores\Debussy\Debussy_113_6.0_0.0.mxl,Debussy,Debussy_113_6.0_0.0,122,,,,note,Bb2,Bb,B,-1,2,46,10,0.25,130.50003375008447
1476,data\scores\Debussy\Debussy_113_6.0_0.0.mxl,Debussy,Debussy_113_6.0_0.0,122,,,,rest,,,,,,,,0.25,131.00003375008447
1477,data\scores\Debussy\Debussy_113_6.0_0.0.mxl,Debussy,Debussy_113_6.0_0.0,123,,,,rest,,,,,,,,0.125,131.50003375008447
1478,data\scores\Debussy\Debussy_113_6.0_0.0.mxl,Debussy,Debussy_113_6.0_0.0,123,,,,note,Eb3,Eb,E,-1,3,51,3,0.125,131.75003375008447
1479,data\scores\Debussy\Debussy_113_6.0_0.0.mxl,Debussy,Debussy_113_6.0_0.0,123,,,,note,Bb3,Bb,B,-1,3,58,10,0.125,131.75003375008447
1480,data\scores\Debussy\Debussy_113_6.0_0.0.mxl,Debussy,Debussy_113_6.0_0.0,123,,,,rest,,,,,,,,0.125,132.00003375008447
1481,data\scores\Debussy\Debussy_113_6.0_0.0.mxl,Debussy,Debussy_113_6.0_0.0,123,,,,note,Eb3,Eb,E,-1,3,51,3,0.125,132.25003375008447
1482,data\scores\Debussy\Debussy_113_6.0_0.0.mxl,Debussy,Debussy_113_6.0_0.0,123,,,,note,Bb3,Bb,B,-1,3,58,10,0.125,132.25003375008447
1483,data\scores\Debussy\Debussy_113_6.0_0.0.mxl,Debussy,Debussy_113_6.0_0.0,123,,,,rest,,,,,,,,0.125,131.50003375008447
1484,data\scores\Debussy\Debussy_113_6.0_0.0.mxl,Debussy,Debussy_113_6.0_0.0,123,,,,note,F3,F,F,0,3,53,5,0.125,131.75003375008447
1485,data\scores\Debussy\Debussy_113_6.0_0.0.mxl,Debussy,Debussy_113_6.0_0.0,123,,,,note,G3,G,G,0,3,55,7,0.125,131.75003375008447
1486,data\scores\Debussy\Debussy_113_6.0_0.0.mxl,Debussy,Debussy_113_6.0_0.0,123,,,,note,Eb2,Eb,E,-1,2,39,3,0.125,132.00003375008447
1487,data\scores\Debussy\Debussy_113_6.0_0.0.mxl,Debussy,Debussy_113_6.0_0.0,123,,,,note,Bb2,Bb,B,-1,2,46,10,0.125,132.00003375008447
1488,data\scores\Debussy\Debussy_113_6.0_0.0.mxl,Debussy,Debussy_113_6.0_0.0,123,,,,note,F3,F,F,0,3,53,5,0.125,132.25003375008447
1489,data\scores\Debussy\Debussy_113_6.0_0.0.mxl,Debussy,Debussy_113_6.0_0.0,123,,,,note,G3,G,G,0,3,55,7,0.125,132.25003375008447
1490,data\scores\Debussy\Debussy_113_6.0_0.0.mxl,Debussy,Debussy_113_6.0_0.0,124,,,,rest,,,,,,,,0.25,132.50003375008447
1491,data\scores\Debussy\Debussy_113_6.0_0.0.mxl,Debussy,Debussy_113_6.0_0.0,124,,,,note,Eb2,Eb,E,-1,2,39,3,0.25,132.50003375008447
1492,data\scores\Debussy\Debussy_113_6.0_0.0.mxl,Debussy,Debussy_113_6.0_0.0,124,,,,note,Bb2,Bb,B,-1,2,46,10,0.25,132.50003375008447
1493,data\scores\Debussy\Debussy_113_6.0_0.0.mxl,Debussy,Debussy_113_6.0_0.0,124,,,,rest,,,,,,,,0.25,133.00003375008447
1494,data\scores\Debussy\Debussy_113_6.0_0.0.mxl,Debussy,Debussy_113_6.0_0.0,125,,,,rest,,,,,,,,0.125,133.50003375008447
1495,data\scores\Debussy\Debussy_113_6.0_0.0.mxl,Debussy,Debussy_113_6.0_0.0,125,,,,note,Eb3,Eb,E,-1,3,51,3,0.125,133.75003375008447
1496,data\scores\Debussy\Debussy_113_6.0_0.0.mxl,Debussy,Debussy_113_6.0_0.0,125,,,,note,Bb3,Bb,B,-1,3,58,10,0.125,133.75003375008447
1497,data\scores\Debussy\Debussy_113_6.0_0.0.mxl,Debussy,Debussy_113_6.0_0.0,125,,,,rest,,,,,,,,0.125,134.00003375008447
1498,data\scores\Debussy\Debussy_113_6.0_0.0.mxl,Debussy,Debussy_113_6.0_0.0,125,,,,note,Eb3,Eb,E,-1,3,51,3,0.125,134.25003375008447
1499,data\scores\Debussy\Debussy_113_6.0_0.0.mxl,Debussy,Debussy_113_6.0_0.0,125,,,,note,Bb3,Bb,B,-1,3,58,10,0.125,134.25003375008447
1500,data\scores\Debussy\Debussy_113_6.0_0.0.mxl,Debussy,Debussy_113_6.0_0.0,125,,,,rest,,,,,,,,0.125,133.50003375008447
1501,data\scores\Debussy\Debussy_113_6.0_0.0.mxl,Debussy,Debussy_113_6.0_0.0,125,,,,note,F3,F,F,0,3,53,5,0.125,133.75003375008447
1502,data\scores\Debussy\Debussy_113_6.0_0.0.mxl,Debussy,Debussy_113_6.0_0.0,125,,,,note,G3,G,G,0,3,55,7,0.125,133.75003375008447
1503,data\scores\Debussy\Debussy_113_6.0_0.0.mxl,Debussy,Debussy_113_6.0_0.0,125,,,,note,Eb2,Eb,E,-1,2,39,3,0.125,134.00003375008447
1504,data\scores\Debussy\Debussy_113_6.0_0.0.mxl,Debussy,Debussy_113_6.0_0.0,125,,,,note,Bb2,Bb,B,-1,2,46,10,0.125,134.00003375008447
1505,data\scores\Debussy\Debussy_113_6.0_0.0.mxl,Debussy,Debussy_113_6.0_0.0,125,,,,note,F3,F,F,0,3,53,5,0.125,134.25003375008447
1506,data\scores\Debussy\Debussy_113_6.0_0.0.mxl,Debussy,Debussy_113_6.0_0.0,125,,,,note,G3,G,G,0,3,55,7,0.125,134.25003375008447
1507,data\scores\Debussy\Debussy_113_6.0_0.0.mxl,Debussy,Debussy_113_6.0_0.0,126,,,,rest,,,,,,,,0.25,134.50003375008447
1508,data\scores\Debussy\Debussy_113_6.0_0.0.mxl,Debussy,Debussy_113_6.0_0.0,126,,,,note,Cb3,Cb,C,-1,3,59,11,0.125,135.00003375008447
1509,data\scores\Debussy\Debussy_113_6.0_0.0.mxl,Debussy,Debussy_113_6.0_0.0,126,,,,note,Bb2,Bb,B,-1,2,46,10,0.03125,135.25003375008447
1510,data\scores\Debussy\Debussy_113_6.0_0.0.mxl,Debussy,Debussy_113_6.0_0.0,126,,,,note,Ab2,Ab,A,-1,2,44,8,0.03125,135.31253375008447
1511,data\scores\Debussy\Debussy_113_6.0_0.0.mxl,Debussy,Debussy_113_6.0_0.0,126,,,,note,G2,G,G,0,2,43,7,0.03125,135.37503375008447
1512,data\scores\Debussy\Debussy_113_6.0_0.0.mxl,Debussy,Debussy_113_6.0_0.0,126,,,,note,F2,F,F,0,2,41,5,0.03125,135.43753375008447
1513,data\scores\Debussy\Debussy_113_6.0_0.0.mxl,Debussy,Debussy_113_6.0_0.0,126,,,,rest,,,,,,,,0.25,134.50003375008447
1514,data\scores\Debussy\Debussy_113_6.0_0.0.mxl,Debussy,Debussy_113_6.0_0.0,126,,,,note,Cb2,Cb,C,-1,2,47,11,0.125,135.00003375008447
1515,data\scores\Debussy\Debussy_113_6.0_0.0.mxl,Debussy,Debussy_113_6.0_0.0,126,,,,note,Bb1,Bb,B,-1,1,34,10,0.03125,135.25003375008447
1516,data\scores\Debussy\Debussy_113_6.0_0.0.mxl,Debussy,Debussy_113_6.0_0.0,126,,,,note,Ab1,Ab,A,-1,1,32,8,0.03125,135.31253375008447
1517,data\scores\Debussy\Debussy_113_6.0_0.0.mxl,Debussy,Debussy_113_6.0_0.0,126,,,,note,G1,G,G,0,1,31,7,0.03125,135.37503375008447
1518,data\scores\Debussy\Debussy_113_6.0_0.0.mxl,Debussy,Debussy_113_6.0_0.0,126,,,,note,F1,F,F,0,1,29,5,0.03125,135.43753375008447
1519,data\scores\Debussy\Debussy_113_6.0_0.0.mxl,Debussy,Debussy_113_6.0_0.0,127,,,,note,Eb3,Eb,E,-1,3,51,3,0.125,135.50003375008447
1520,data\scores\Debussy\Debussy_113_6.0_0.0.mxl,Debussy,Debussy_113_6.0_0.0,127,,,,rest,,,,,,,,0.125,135.75003375008447
1521,data\scores\Debussy\Debussy_113_6.0_0.0.mxl,Debussy,Debussy_113_6.0_0.0,127,,,,rest,,,,,,,,0.25,136.00003375008447
1522,data\scores\Debussy\Debussy_113_6.0_0.0.mxl,Debussy,Debussy_113_6.0_0.0,127,,,,note,Eb1,Eb,E,-1,1,27,3,0.125,135.50003375008447
1523,data\scores\Debussy\Debussy_113_6.0_0.0.mxl,Debussy,Debussy_113_6.0_0.0,127,,,,note,Eb2,Eb,E,-1,2,39,3,0.125,135.50003375008447
1524,data\scores\Debussy\Debussy_113_6.0_0.0.mxl,Debussy,Debussy_113_6.0_0.0,127,,,,rest,,,,,,,,0.125,135.75003375008447
1525,data\scores\Debussy\Debussy_113_6.0_0.0.mxl,Debussy,Debussy_113_6.0_0.0,127,,,,rest,,,,,,,,0.25,136.00003375008447
1526,data\scores\Debussy\Debussy_113_6.0_0.0.mxl,Debussy,Debussy_113_6.0_0.0,128,,,,note,Eb3,Eb,E,-1,3,51,3,0.125,136.50003375008447
1527,data\scores\Debussy\Debussy_113_6.0_0.0.mxl,Debussy,Debussy_113_6.0_0.0,128,,,,rest,,,,,,,,0.125,136.75003375008447
1528,data\scores\Debussy\Debussy_113_6.0_0.0.mxl,Debussy,Debussy_113_6.0_0.0,128,,,,rest,,,,,,,,0.25,137.00003375008447
1529,data\scores\Debussy\Debussy_113_6.0_0.0.mxl,Debussy,Debussy_113_6.0_0.0,128,,,,note,Eb1,Eb,E,-1,1,27,3,0.125,136.50003375008447
1530,data\scores\Debussy\Debussy_113_6.0_0.0.mxl,Debussy,Debussy_113_6.0_0.0,128,,,,note,Eb2,Eb,E,-1,2,39,3,0.125,136.50003375008447
1531,data\scores\Debussy\Debussy_113_6.0_0.0.mxl,Debussy,Debussy_113_6.0_0.0,128,,,,rest,,,,,,,,0.125,136.75003375008447
1532,data\scores\Debussy\Debussy_113_6.0_0.0.mxl,Debussy,Debussy_113_6.0_0.0,128,,,,rest,,,,,,,,0.25,137.00003375008447
